-118.21972195670885	33.78057978951544
-118.22551112606783	33.78148564374294
-118.22496467373469	33.77079755595342
-118.22165903443994	33.77283589286881
-118.21858403243975	33.77333777060795
-118.21706340659378	33.780124460091436
-118.22644762913926	33.778131771586395
-118.22372689473674	33.77982880702444
-118.22018073580048	33.77888856424114
-118.21702675718528	33.776732148905936
-118.22553805096051	33.773787054974235
-118.22161920861791	33.77636726251387
-118.21994968233065	33.774752960617604
-118.2253200702729	33.77043890726488
-118.22162737167018	33.77153290664829
-118.21783992516673	33.77261538172175
-118.22469493093857	33.7681239901053
-118.22101741723407	33.767222865417146
-118.2183078770116	33.769776860512565
-118.22518028972121	33.765059216246044
-118.22181374527459	33.766288963216816
-118.21820121716871	33.766712205500546
-118.2275584349508	33.781231931734524
-118.2244885683807	33.78229790349781
-118.22151709924317	33.78212512671493
-118.21993264431242	33.7831279733906
-118.21744975004498	33.78216268270616
-118.21606046119464	33.779164631424806
-118.22131967857693	33.77394144793725
-118.22588967940625	33.77915426483737
-118.22595174370622	33.7789710299321
-118.21859195802043	33.776772016173226
-118.2232526515443	33.77643433864292
-118.22100812377957	33.77597015823123
-118.21912810820447	33.777267274213905
-118.21917830669413	33.77705899730349
-118.22537535203904	33.77436975605993
-118.22452495793114	33.773673692897624
-118.22269474691204	33.77351288362994
0.0	0.0
-118.22550792167904	33.77854887135344
-118.21780767342106	33.77427373169615
-118.22700352088972	33.772194752146824
-118.22889988757612	33.77135682720039
-118.22201645545083	33.771218239182886
0.0	0.0
-118.2220201706421	33.768189496384764
-118.21944123932475	33.76848877866973
-118.21620858795977	33.76965177706438
-118.22365887652663	33.771033328124595
-118.22735348213438	33.770061279575216
-118.22878255206152	33.76971367758233
-118.24043719749972	33.764711896320996
-118.24524117954334	33.76901357389564
-118.2396336195938	33.7651049183169
0.0	0.0
0.0	0.0
-118.24710792021425	33.75936849236705
-118.24501697482047	33.75694865436233
-118.24323294698446	33.764179443059554
-118.24950122742331	33.77260369472117
-118.25026606495226	33.77485271228951
-118.24869101375425	33.77614032713364
-118.24711631816666	33.75808884393642
-118.23970621912675	33.7588450370052
-118.24519895196785	33.763603502848134
-118.2477485321626	33.76838932399581
-118.24498394997231	33.760410377481705
-118.24542187512259	33.76237644444143
-118.24233376873555	33.76442184859749
-118.24118274265328	33.75872367871297
-118.2424833721445	33.76068118503437
-118.24002137515038	33.760315785407975
-118.24392240583602	33.76402799734119
-118.24882731755369	33.77018320733947
-118.24516451217646	33.76270263294845
0.0	0.0
0.0	0.0
-118.24844466424	33.77595122832498
0.0	0.0
-118.24167061679893	33.7645509644098
-118.24944720801507	33.77275974223102
-118.24926225307274	33.77278640490227
-118.23878363999887	33.76199113955309
-118.23866474104729	33.76192594575134
-118.24242779780724	33.76170611386837
-118.24252417209178	33.76429992790477
-118.2412551428888	33.764749406913886
-118.24608438270519	33.768557999940505
-118.24765287101724	33.76987525534085
0.0	0.0
0.0	0.0
-118.24892660592954	33.771033146628206
-118.24860838483677	33.77471398271268
-118.24683207749668	33.7763031041957
-118.22793432383153	33.764049255537195
-118.21461495477338	33.767600628359816
0.0	0.0
0.0	0.0
-118.23834068581077	33.77699753121302
-118.23875671982226	33.764999282696685
-118.23493121455182	33.761113597669365
-118.23709475369557	33.763359993544405
-118.24089339390729	33.770454301023435
-118.24122787898922	33.77172673836116
-118.24097415861206	33.7718082402268
-118.24126624606141	33.77334508309225
0.0	0.0
-118.23728580470616	33.774666151935854
-118.23415290450863	33.76437687515559
-118.23895716102716	33.7722376595629
-118.23554923947114	33.77306181957864
-118.23409686445854	33.76639467412335
-118.23329159050225	33.761088304180866
0.0	0.0
-118.23515299584146	33.76091688657349
-118.2366106436546	33.76346935782274
-118.23650574301487	33.76353571929006
-118.23772439342972	33.75992268599926
-118.23886077865362	33.76292705437618
0.0	0.0
-118.2407373199977	33.76930766628102
-118.2427423751449	33.77531879579197
-118.24423682173747	33.780586868409614
-118.24366173079895	33.77684011313436
0.0	0.0
-118.23970519125594	33.781189033489824
-118.23885136295699	33.75835055177321
-118.23631293776599	33.75953724427252
-118.23687321957817	33.76444353810761
-118.23536622985644	33.762234060782646
-118.23831288345536	33.761492172114984
-118.23413764830683	33.760598657385266
-118.23762561761488	33.75934278204795
-118.23765707499341	33.759367978753886
-118.24435488157937	33.78075994188565
-118.2405247680845	33.768390938795136
-118.2391945121868	33.7670967801033
-118.24229130878996	33.769654583569555
-118.23927524172282	33.77009907159829
-118.23687861924293	33.76755868559239
-118.2367964686153	33.76781250566205
-118.24147770843396	33.76690921937691
-118.2416902655875	33.76669229170228
-118.2397647613576	33.76300902282951
-118.23997709279895	33.76317442510345
-118.2395522497508	33.77304966215173
-118.24278298831321	33.773139675566064
-118.2449890113985	33.772600661024086
-118.24114720297837	33.78080645279576
-118.24479322223087	33.77742781617977
-118.24297638548869	33.77676894632418
-118.23931507581491	33.77384831486685
-118.2452058380601	33.777212596948935
-118.24218635906637	33.77975559645878
-118.24002103657875	33.78041720707255
-118.23699729199915	33.75933884290003
-118.2369577873975	33.75915615247837
-118.2367377142567	33.75901371183188
-118.24016216855347	33.76501178981107
-118.24007707845266	33.764985562676316
-118.23879127528248	33.76439752876953
-118.24392037756716	33.77307026595738
-118.23802309641853	33.774257346788374
-118.24018466863927	33.77234953034971
-118.24104657337296	33.76971529402039
-118.23648763675557	33.765750745485846
-118.23623436660881	33.76579511261969
-118.23755195979753	33.76567677435986
-118.23789087878507	33.765422581752766
-118.23582401180894	33.75967559279023
-118.23575552604909	33.764302539914176
-118.23927232378041	33.7729584016713
-118.23935375118334	33.77300086705852
-118.23951729325684	33.77332913217507
-118.239626544696	33.77350495137027
-118.23575861898216	33.769113714215585
-118.2396845110987	33.777149207599486
0.0	0.0
-118.24328569216753	33.77307264731312
-118.24157251307693	33.78105162517214
0.0	0.0
0.0	0.0
-118.23877309139398	33.77392991502798
-118.2397309566558	33.771641213041086
-118.24189365145187	33.76932507155145
-118.23830735204781	33.765311812197886
-118.2368835679982	33.760173122208215
-118.2351215266165	33.76505255118963
-118.23512486774885	33.776343554024095
-118.2352176954596	33.77840862963522
-118.23315590794084	33.77329465669392
-118.23325162748482	33.77343771430863
-118.23427419981016	33.77196723882411
-118.23086917808139	33.76340305590138
-118.23088345295946	33.763214748670116
-118.23231629322513	33.76886428348107
-118.23105695748573	33.769140926447584
-118.23096467225297	33.762403585305414
-118.23496384701171	33.76817690797208
0.0	0.0
-118.23546387718423	33.77387061887586
-118.23695829923543	33.78040345779477
-118.23874771681477	33.7812445040755
-118.2376198872867	33.78125742967179
-118.23484729531194	33.76843968437021
-118.23950892045144	33.78068270130918
-118.23786970744291	33.773651431508384
-118.23613920711259	33.767852698911085
-118.23572985548206	33.78035099282806
-118.2357621935562	33.78027407566648
-118.23527340119091	33.77597789167905
-118.23248098409472	33.76897027460161
-118.23374545817447	33.76854179509205
-118.234923184693	33.77345580722987
-118.23571273335992	33.777191925024866
-118.23295173541176	33.77034795979491
-118.23367830174051	33.77153173858308
-118.23503741371873	33.772443351417415
-118.23647944893641	33.77329263697027
-118.23466770079101	33.768330523974484
0.0	0.0
0.0	0.0
0.0	0.0
-118.24709671835559	33.77770039772045
-118.2308612933727	33.77875697156245
-118.23202640284553	33.779331521241325
-118.22919690451715	33.77315165661978
-118.22993244077469	33.76937488670423
-118.22967172496827	33.76258081816207
-118.22841066904563	33.763013737826874
-118.23079501436104	33.77456439894208
-118.23058528563976	33.77364886590029
-118.23046418035247	33.76936803463699
-118.22906669102588	33.76188571256091
-118.22654740136976	33.76283767827489
-118.22926432128575	33.76951027877121
-118.23314606854309	33.76917036384787
-118.2318032755899	33.76906808004231
-118.23033317030267	33.76930155828877
-118.22746416189135	33.769990286983415
-118.23059553933095	33.7607983633718
-118.23096348577155	33.770122261810265
-118.23210360444816	33.761613847637435
-118.22730855081527	33.76243783476866
-118.22666456975927	33.76370298576733
-118.23199340326728	33.77030961550192
-118.23332505367796	33.77117736639527
-118.23104807119626	33.771698880107515
-118.22980236514681	33.77090007065639
-118.22907201988122	33.771648016039755
-118.22758637585628	33.77205839044259
-118.232713833264	33.780827250553
-118.2305392439553	33.781011195982074
-118.23474183574783	33.780759935124294
-118.22863774678699	33.7811478563614
0.0	0.0
-118.23357490051816	33.78143478024647
-118.2324586921972	33.781664099028816
-118.23032776692921	33.781725874664865
-118.22915906296438	33.78192266452632
-118.23319326916032	33.77058830830784
-118.2316733359474	33.77106047839364
-118.23019008243715	33.771662778203456
-118.22846490411379	33.771984197020394
-118.22983907897645	33.76180641558674
-118.23195344450635	33.77184545757566
-118.22960524831335	33.780996843821896
0.0	0.0
-118.22991496272964	33.77661086313434
-118.23009118313189	33.77677119500416
-118.2324172050545	33.77627831951439
-118.2317461058379	33.77400698356811
-118.23176512416545	33.77406344327867
-118.2294630633805	33.77451705846146
-118.23256074009916	33.77996455753586
-118.23090533669622	33.78033828108983
-118.23222484153514	33.771682319257465
-118.23088584233003	33.770716749356055
-118.23522664087655	33.78070570339251
-118.22850868273345	33.78117154112628
-118.23313347429375	33.76865851371356
-118.23302831724271	33.76865529300071
0.0	0.0
0.0	0.0
-118.22819219638299	33.76309821185832
-118.23056081012041	33.773342637064914
-118.23069480294552	33.76928810114408
-118.22929392479297	33.769626819011755
-118.22839202999953	33.76190210640943
-118.22539588504675	33.763013150611975
-118.23109640509128	33.76117009957639
-118.2282939231313	33.76968700722165
-118.22728451363533	33.770061933078416
-118.23443527466907	33.769007490594745
-118.22605829626362	33.770403296351425
-118.22687499590366	33.762447343394314
-118.2314586606428	33.7692151619436
-118.23390215283342	33.768423074951116
-118.23316062265948	33.78086406322912
-118.23099479293977	33.78101565284748
-118.23108048939464	33.781178653895346
-118.23196029392385	33.77539082974185
0.0	0.0
-118.22892640708297	33.77528976498403
-118.22830736481855	33.77087799545235
-118.23333653715483	33.77649104239206
-118.22711616082911	33.76258218106375
-118.23245372496133	33.773692277790296
-118.22784391396638	33.76209950783002
-118.22927927025931	33.76161222539802
-118.23124667218778	33.77377594831054
-118.23014745585365	33.77499879404458
-118.22833121409987	33.77396254608916
-118.23023865762545	33.773729194085
-118.23115957129721	33.77215178805527
-118.2324338786118	33.775283920745935
-118.23154282591995	33.77203513254702
-118.22900691471136	33.76244726635771
-118.20863177736719	33.76575603085678
0.0	0.0
0.0	0.0
-118.21307301385067	33.76829120270787
-118.20988582442784	33.76849618682681
0.0	0.0
0.0	0.0
-118.21508756197304	33.77203711127954
-118.21216703446535	33.77177754052295
0.0	0.0
-118.21524945848634	33.775487804366975
-118.21321358494187	33.775169163932894
-118.21186077171588	33.77484378962628
-118.20871334284318	33.77536917094276
-118.2129246320506	33.77453988872375
-118.21303673012709	33.77903729635357
-118.2107743301807	33.7790251459019
-118.21081071407926	33.77917137570823
-118.20848472369029	33.778422108857285
-118.20903182571973	33.778413662171275
-118.21168567984802	33.77934967400627
-118.21492979933397	33.78204610201028
-118.21111926995303	33.78238490660283
-118.20668090248583	33.78221090139164
-118.20409107498828	33.7824146583878
-118.1960476871584	33.78142271939549
-118.21497648685725	33.786852671906765
-118.2147993693972	33.78940820309852
-118.21485616667398	33.79268965141669
-118.20760851266519	33.79057546913747
-118.20126289588981	33.78886407177958
-118.19546084889716	33.786935465202205
-118.19544792649668	33.786928278176845
-118.21295123122869	33.750472670674895
-118.20343479609706	33.748203718297894
-118.20214880271195	33.749983249628656
-118.202070230684	33.75027104280972
-118.21675079509409	33.75141018399495
-118.2011120235406	33.7487419049443
-118.20005032273161	33.751922973976406
-118.20027082960765	33.751820415733114
-118.2131927933482	33.749424148551384
-118.21324208283679	33.75002061548207
-118.20465932603159	33.752008836490546
-118.20443090555423	33.752257532139204
-118.20848429109402	33.748659621347635
-118.21377746649001	33.754073661069846
-118.20249571223175	33.75197306011885
-118.20330764721591	33.75184846713665
-118.20001801597374	33.75192389999395
0.0	0.0
-118.19601561388025	33.75087766679129
-118.1963141891815	33.75157459432507
-118.19620724341476	33.7515929390633
-118.19639993072445	33.75148551965752
-118.20639610361586	33.76511049855999
-118.20639155451134	33.76500549322676
-118.20470375701967	33.76566016672685
-118.2108967146433	33.76455584008078
-118.21036339482524	33.7648116278533
-118.22002026782789	33.75792791104503
-118.22629642384017	33.752150013998126
-118.22635675782954	33.75207125557054
-118.22331758689496	33.7568246120516
-118.22850569268816	33.75528684166861
-118.22845757178843	33.7591389816211
-118.2285009676387	33.759299529437136
-118.22799434824461	33.75782168561883
-118.2177241470016	33.75051940306534
-118.2170115257657	33.751178039522124
-118.21933786299003	33.75326448133104
-118.21966367107454	33.752755148589635
-118.2194375275419	33.75241267247812
-118.22090505464892	33.75599207206419
-118.22062144620672	33.75241411966913
-118.2236454598987	33.75333997059704
-118.22302684518246	33.754640437791195
-118.22363758166341	33.75250630661577
-118.22471353731294	33.75195955689068
-118.22818514856905	33.75040319605841
-118.20755699342894	33.746698478778725
-118.19971016585662	33.74710284636812
-118.20045704702633	33.74698556578682
0.0	0.0
0.0	0.0
-118.20711287739309	33.74667270475023
0.0	0.0
-118.22621038823023	33.74794910801348
-118.23730740414526	33.750240042127615
-118.24152409942866	33.75255248648053
-118.2455105866067	33.75187032748839
-118.24464645902005	33.75409915789625
-118.20359915834308	33.75438009034727
-118.20358280137104	33.75308390208081
-118.20050472916692	33.754404194459006
-118.20013580158823	33.75421717094743
0.0	0.0
-118.1994778757661	33.75629188590967
-118.19952922515729	33.75637990606198
-118.20419256311251	33.76238308565789
0.0	0.0
-118.20345502929413	33.757109070661656
-118.20368169647466	33.7531680421421
-118.20129914538323	33.75515930861624
-118.20424181640905	33.76312391311122
-118.2037274089687	33.76216142758855
-118.20227775808912	33.759617695355224
-118.20032264578796	33.75547647782048
-118.20379421081232	33.75544531038758
-118.20339577252574	33.75860561521444
-118.20207648918556	33.759757321038286
-118.2018996505288	33.7598419858626
-118.20366996264569	33.748337550385365
-118.20381994661463	33.748459803873
-118.20309205765403	33.751554474099514
-118.20315076260393	33.75145747870934
-118.20300538816116	33.75169570925396
-118.19717706497373	33.75350894728101
-118.19708512308704	33.75356569913817
0.0	0.0
-118.2008780696657	33.75168055345216
-118.19979744990596	33.75170595992218
-118.2011177809796	33.75149678430147
-118.19872358910396	33.75205570937509
-118.19699560379722	33.74977422901035
-118.19728609330957	33.7496845893326
-118.19802055075603	33.75674372956183
-118.1995470958515	33.74806651283938
-118.19861560218004	33.75523979150079
-118.20324767583722	33.76086287113089
0.0	0.0
-118.20352393804609	33.74264034529154
-118.20270448332124	33.7408687263566
-118.20210336396005	33.74722427398671
-118.19393743548548	33.75199027534842
-118.18957717535442	33.7461260661587
-118.18955807513794	33.74606077927843
-118.19237793873076	33.7455139418151
-118.18839199837336	33.74348391006011
0.0	0.0
0.0	0.0
-118.19422880887424	33.73907261641879
-118.19473131238462	33.73913024342265
-118.19405083897942	33.74914616504486
-118.1935134349575	33.74691526927244
-118.19351121350526	33.746905896144185
-118.19009042784432	33.748218480763654
-118.19661015426259	33.763204274192326
-118.20406377117416	33.76563477644534
-118.1932343831982	33.764597196290005
-118.19517104781782	33.755823930222704
-118.19229669864136	33.754128305886724
-118.19232589168207	33.75434029233698
-118.19234875270094	33.754481977848315
-118.19235538048203	33.75397402011388
-118.19025783626222	33.74700847737186
-118.19029457806357	33.747868742904274
0.0	0.0
-118.19249834620894	33.74879712745519
-118.19219718585623	33.75111644976465
-118.19255780268153	33.751337342792375
-118.19581852124742	33.76454329088589
-118.1942055686576	33.755112161819234
-118.19502062778885	33.765587821028056
-118.19700981483254	33.76512142008447
-118.19718974150501	33.76511164845056
-118.19502136818672	33.76559793446642
-118.1951844022999	33.765536181970525
-118.19782088343828	33.765315766296546
-118.19228837517777	33.76499589696809
-118.19505441835544	33.765506794241375
-118.19492715163246	33.7654046428286
-118.19556953488188	33.76547094624248
0.0	0.0
0.0	0.0
0.0	0.0
-118.19756211049797	33.76040267999995
-118.19768207505963	33.76021073095146
-118.19237389580225	33.76495172700013
-118.19232107154734	33.76488150910034
-118.19229069307727	33.75886519677667
-118.1926161314712	33.76007034972357
-118.19656426953573	33.75673917134141
-118.19236997600314	33.75511813429514
-118.19869005684983	33.76509555600985
-118.2027263444614	33.762768529500924
-118.20286463150977	33.763629760927905
-118.200748194439	33.764871598649634
-118.20219991930905	33.76553435444616
-118.20203252713674	33.76565195060981
-118.20204698823795	33.7656195951138
-118.19756412929162	33.765076649616354
-118.19511308575596	33.763918525653956
-118.19666701195004	33.76421051385201
-118.20223393089793	33.761786770665424
-118.1956246373043	33.76529307716958
-118.1991907865464	33.76485286324626
-118.1949822463405	33.76197983599527
-118.19525655526984	33.76156597426568
-118.19937390290352	33.75970026317777
-118.1987602234954	33.758542703837655
-118.19862025982184	33.75852627922375
-118.19744150106744	33.75855784796908
-118.19280064543155	33.757103948341886
-118.19626783719036	33.756745072227645
0.0	0.0
0.0	0.0
-118.19424784929996	33.76273188351133
-118.1931853209924	33.76136921708746
-118.23799152476478	33.75557786617576
-118.23078475919331	33.75613203300974
0.0	0.0
-118.2329774012633	33.7570415771662
-118.24328626778544	33.75663843389317
-118.23565046829695	33.75598647245926
-118.23571866941316	33.75860585345418
-118.23643899995444	33.754789898169705
-118.22747790291497	33.76091741401678
-118.23192785118142	33.75955823317499
-118.22900455219295	33.760420954644566
-118.22997694535881	33.76005719434402
-118.23200969912632	33.754404454347615
-118.23295988009792	33.75921409274506
0.0	0.0
-118.23117556268416	33.75704403875834
-118.22803483847807	33.76119344495849
-118.22944463371903	33.76052801368455
-118.216517962781	33.755515697612914
-118.22924190242998	33.75663605755354
-118.21990794858762	33.7557708004945
-118.21964226899007	33.75892724359505
-118.22158902500081	33.75903693004163
-118.21767904983574	33.757445083471076
-118.22646971403408	33.76144850235201
-118.22900665091312	33.75897142139901
-118.23520611687533	33.758866355688056
-118.22992099213728	33.76032023823755
-118.21536371626014	33.74936463546457
-118.21881816386417	33.74944615851285
-118.21852807184268	33.74896820324687
-118.22010813645299	33.749937316179484
-118.23411847707867	33.75350644654218
-118.23272537169004	33.75437603883494
-118.2162017584774	33.75257281782972
-118.21632320250092	33.752751500396656
-118.23306293158444	33.758198056300174
-118.23636910889316	33.7568900724977
-118.23657963547089	33.75334231770848
-118.23003444908326	33.751353436732515
-118.22243694013274	33.76237492554973
-118.24047889714113	33.75474094517673
-118.23719899188731	33.7517759423303
-118.23050576575748	33.75105439395544
-118.22659392421735	33.760598853335914
-118.21357443555286	33.74906778909977
-118.2234019587383	33.753715947127084
-118.22442374676196	33.75479672790618
-118.22908279739413	33.75116498016343
-118.2269408010012	33.755442840388206
-118.22515790681297	33.7573212254078
-118.22617904718528	33.75781603761453
-118.22657786784748	33.754489516093436
-118.22710644542356	33.75724346791129
-118.22366986213024	33.75962774305713
-118.22270480236101	33.75011602045439
-118.22699267316246	33.750136111652886
-118.21958609781332	33.76214873678085
-118.21897104566096	33.76081623127477
-118.21711588268961	33.75816508933689
-118.21571690201033	33.76223860630296
-118.21698317112792	33.763380418430145
-118.21947704420232	33.763125679727395
-118.21588127159451	33.763679371155064
-118.2190860935311	33.761017988003495
-118.21631605045516	33.7611234267159
-118.21625932330358	33.76129580756057
-118.21587732287509	33.760447845856014
-118.21663859459838	33.75788312284162
0.0	0.0
-118.21624953654158	33.763684429703325
-118.21390070389425	33.764220887855586
-118.2128403794787	33.764140604990956
-118.21186634533241	33.764463722009374
-118.21125043775035	33.76456265758686
-118.21450164437569	33.76399722053872
-118.21281876572938	33.76434849591237
-118.21517114808987	33.763988757512244
-118.21144082034122	33.76404829047107
-118.21238531625266	33.759462828481134
-118.2121199429677	33.75718862984367
-118.21132679860865	33.75481713919185
0.0	0.0
-118.21314747762655	33.761129971888536
-118.21335245606492	33.75721234516816
-118.21338064411103	33.75829554714082
-118.21549127130402	33.7562679454227
-118.21349579030652	33.75489566060448
-118.21232519689583	33.74906725211783
-118.213101727693	33.75262924941174
-118.212842258431	33.75279603967001
-118.21284543817377	33.763282936246526
-118.21115191891232	33.76461518141967
-118.21114006805558	33.752031342469756
-118.21120978957227	33.7584243849288
-118.20687105768691	33.76105934090435
-118.20675541353853	33.758746926132716
-118.20685086593467	33.756206073182675
-118.20654804763177	33.75612738176814
-118.20825994681658	33.753454915808895
-118.20865836757336	33.75355032748522
-118.20840932887955	33.75352792023416
-118.20973482409066	33.75851147262083
-118.20990375759813	33.75591977265244
-118.2097555318165	33.76120993400721
-118.207729209856	33.76189046174204
-118.20849303482578	33.76487172254338
-118.21041156666018	33.75659703964173
-118.20663263181555	33.76500500544383
-118.2066786144358	33.76195113471829
-118.20789260726696	33.75453089224612
-118.21009310492799	33.763097899553884
-118.20670699003281	33.756056074069534
-118.20781526327923	33.75157334524461
-118.20747131659523	33.751599146593776
-118.20505071006649	33.75314711361779
-118.20472153433765	33.7535837470801
-118.20502573836256	33.756984128775485
-118.20453335446958	33.76376010950633
-118.20487360455397	33.76543888803124
-118.20557064174417	33.763043524060635
-118.20511149120105	33.76410076281801
-118.2056546432342	33.76515571515046
-118.20584955982802	33.76440445769002
-118.20566422764011	33.75334270854452
-118.20569028919942	33.76342889122212
-118.20512446367513	33.76470890590027
-118.2048565155907	33.75191998497332
-118.20474957101355	33.75821531668405
-118.20474382321878	33.761708001265895
-118.20618521380004	33.74845823266038
-118.20824256851142	33.76465574539829
0.0	0.0
-118.20959683326707	33.75322195069055
-118.2070017327094	33.75387456477978
-118.20601174174281	33.751302366510565
-118.20991767588724	33.76462232957897
-118.20775048819735	33.76259061584249
-118.20785218865392	33.7495279513575
-118.20791883260284	33.75840640536524
-118.20654896920571	33.76180532739113
-118.18350796268274	33.76463103212139
-118.18440729000666	33.76974510398027
-118.18377488272327	33.76603231437456
-118.18453568672234	33.77237022065043
-118.18189331144607	33.76234697722555
-118.18265289001086	33.76922644060536
-118.18243448345879	33.76580915681021
-118.18242404740184	33.76735944762407
-118.18272262968001	33.77524950705617
-118.1807425061968	33.76906220984144
-118.18035418343496	33.76550750017955
-118.18034216293307	33.763859022796545
-118.17658747466567	33.78220030290532
-118.17687285157461	33.78141529938855
-118.1787537239861	33.768458748101
-118.17832865706094	33.76881189597456
-118.17854388212628	33.76514116498531
-118.17552618713215	33.77193423443825
-118.17995908919481	33.7620223315536
-118.17123844485522	33.77873698788216
-118.1743064213133	33.769707699021495
-118.17876408324936	33.76169236676429
-118.17209629723395	33.773200397014925
-118.17713094745038	33.764961109441806
-118.17555792692664	33.7661832632736
-118.16649827013265	33.77767709122961
-118.16646890087016	33.77800551731049
-118.16679178253834	33.77762055811306
-118.17186133212981	33.76723519458851
-118.17560707094755	33.764353470744666
-118.16761248489551	33.76750791774366
-118.1732328250132	33.76555827668091
-118.17428433472712	33.763716592375864
-118.17027555878373	33.76609426979878
-118.17557667955458	33.762636214054616
-118.16857897993826	33.76556759553701
-118.17663246122375	33.76119896370456
-118.17821059471171	33.76203196699425
-118.1711323123495	33.76290644030259
-118.16951523935408	33.76272800071385
-118.17530439796514	33.760903169483406
-118.16828831555362	33.762262057161735
-118.17103895025966	33.761409074008284
-118.16887825091469	33.761092604346324
-118.17363333564144	33.76051089271546
-118.1673489298962	33.760660396465674
-118.17198873601954	33.760086229685044
-118.170826262967	33.759703029646985
-118.1688078725698	33.759281914451364
-118.16758181546362	33.75890549429076
-118.17810331883499	33.759559135255856
-118.17497154144337	33.7589126406794
-118.1720066361486	33.758324051659585
-118.16854382147724	33.75755433408952
-118.17025199005968	33.75804464152459
-118.16867130676675	33.75581231115478
-118.1702561558762	33.75586057387122
-118.17152342138357	33.75626241395793
-118.17314769040588	33.756575762918395
-118.17467725252826	33.756889872622594
-118.1682906787531	33.753521645461575
-118.17618464581173	33.75701022864615
-118.16991538253798	33.75391841204697
-118.17150973034308	33.75437037835528
-118.17311257700455	33.75477276141748
-118.16926694283009	33.751543187968366
-118.177806649958	33.75741018422621
-118.17325532913924	33.752696516032174
-118.17585136236221	33.754837784514336
-118.17069233162475	33.75129422568008
-118.17443046822646	33.75299875413396
-118.17774269413447	33.755366835508504
-118.1760382882558	33.753337819248856
-118.17758520653315	33.753543369758475
-118.17944131775612	33.755718173908456
-118.17741961045175	33.751984771754294
-118.17708034295725	33.75027219862237
-118.1791261358518	33.75377208604129
-118.17888574541072	33.750914722644254
-118.18075756118942	33.75441496422234
-118.18160170089334	33.75821580907733
-118.18376895926099	33.755106778131676
-118.18402210566164	33.75492360876028
-118.18254827922608	33.756677463931155
-118.18226118283404	33.75476945157971
-118.18307436946687	33.75858821918374
-118.185947201805	33.75736627298837
-118.18814019505741	33.75953182024706
-118.18433964487045	33.75901910737537
-118.186389844538	33.76400114061041
-118.18651672566392	33.76152371052701
-118.18827220894416	33.76593921202446
-118.1900666228622	33.76404060394805
-118.18485379147445	33.761037286225076
-118.18833942301538	33.76380927382775
-118.19076555452612	33.76962847287196
-118.19237280652642	33.767587538838406
-118.1898165992672	33.76584372732207
-118.18820269549381	33.76539052039684
-118.19019838411499	33.76752559152733
-118.19257927598471	33.77134402900811
-118.19257433979827	33.77152412618901
-118.18338346791182	33.76072508148189
-118.18532544507926	33.763136201333694
-118.1867215435049	33.76514476174677
-118.18729382636552	33.76718113702884
-118.18340222028552	33.7628455613251
-118.18620523283327	33.77000257178309
-118.16365518442602	33.76712627779309
-118.15708396811627	33.756764320273994
-118.16392442801727	33.76556764038493
-118.16521928286808	33.76422865203034
-118.15913203177462	33.75680622982915
-118.16343026645555	33.76346267509017
-118.16339282255399	33.762288187582726
-118.162533083335	33.76994195952872
-118.15972831033038	33.76278025209954
-118.15954392906629	33.76282898360615
-118.16203528160517	33.76167726084334
-118.16179622868263	33.76303464722424
-118.1628042853568	33.767086277831666
-118.1619485599865	33.765203135297845
-118.15745545662773	33.76659026423934
-118.15604372960378	33.761410498134026
-118.15515222671385	33.77098452070825
-118.15544170492663	33.77081940846492
-118.15716853067478	33.757876664393784
-118.16057407985727	33.75345039631567
-118.15113422127853	33.76536332120794
-118.15925399577564	33.75300574512968
-118.14723549728531	33.76259186229718
-118.14713328081653	33.756483970891864
-118.15143458403956	33.768489993793935
-118.15429856391934	33.76406146445056
-118.14273780680941	33.7599095522124
-118.13980387534423	33.75759391657617
-118.14575986384054	33.75207679369908
-118.15288953463691	33.752147938476476
-118.1539834491841	33.75159691890433
-118.15261764370818	33.75058769104811
-118.15147263995559	33.74975017520853
-118.15166619665133	33.74966126751028
-118.15057963928666	33.7487965772851
-118.15206286208188	33.748028200366186
-118.1576937131532	33.751660764292524
-118.15422125857314	33.745816836896736
-118.15170046575318	33.7458963100949
-118.1590953943899	33.74921744931087
-118.15896875242376	33.7474823413603
-118.15972250175697	33.746094250182225
-118.16054425366877	33.74976667709127
-118.16178300634552	33.74840061786937
-118.16215592759012	33.750011067432006
-118.16873939501934	33.74824333482427
-118.17087320827875	33.748564796810314
-118.16311209819125	33.75087355619889
-118.17221929158289	33.748649287445616
-118.17094479897202	33.75040347535401
-118.16961291380417	33.749951198948864
-118.17303930230325	33.74932533365795
-118.15864173418825	33.75472812498072
-118.1620593049978	33.75382381981929
-118.16682337678716	33.758309648734134
-118.16542610890077	33.75670514215159
-118.16421556276221	33.759524015131234
-118.1622948016601	33.75584114959319
-118.16578396122593	33.75849828917807
-118.16667232434429	33.76476165976026
-118.16061248523266	33.757189721549366
-118.1643925496889	33.758017541122726
-118.16060237899258	33.7746183475593
-118.15776032858707	33.76412694474873
-118.16280346484915	33.757451777772175
-118.16643504513513	33.763086406422396
-118.13358590600042	33.7503805580917
-118.14004796745836	33.74636259745409
-118.13748175158285	33.74124613406473
-118.1269663176115	33.744420136979905
-118.12752622856519	33.74417080619739
-118.13395283694435	33.744196048866385
-118.12861804610144	33.73924836586872
-118.12452413848648	33.7345328754281
-118.13597539051084	33.73651938929818
-118.12514319638962	33.733665255997366
-118.12875800611944	33.7299554881121
-118.13223372702755	33.73157849101863
-118.12939704458307	33.728007134318965
-118.13794474639897	33.72391366830764
-118.13609608175278	33.73445930134214
-118.13425418674338	33.730898057098926
-118.13159912812955	33.724965890096975
-118.13639748942389	33.73271497357545
-118.13649370745343	33.73074910018793
-118.13515380558732	33.72390431890684
-118.13842101850467	33.73315995888286
-118.13951392322552	33.72365934097074
-118.13968049806505	33.72378738812067
-118.1401742965433	33.732423432437244
-118.14449121035632	33.72453285219511
-118.14246623598245	33.73292071567004
-118.14867948714121	33.726063919581016
-118.14893231834516	33.72612825065081
-118.14462881604281	33.726440318614436
-118.15089413616165	33.72793100632734
-118.14613182466458	33.7344378535835
-118.15143132093426	33.734849400567946
-118.14779770569972	33.73309853663899
-118.14861727341697	33.73303395059067
-118.14745771326295	33.736604414548374
-118.1495210705547	33.73572159920585
-118.1495433454875	33.734319265352674
-118.14176592519856	33.73933142883775
-118.15065610685186	33.738340973961215
-118.1485849013865	33.73784778180519
-118.14912517211918	33.739947911999614
-118.14775862800067	33.73963604402608
-118.14611950995398	33.74565468538521
-118.1434319170986	33.744285526511845
-118.1455447169772	33.74881749402444
-118.14750236207554	33.746146945394585
-118.14516550152752	33.749702709573505
-118.13949393564431	33.742660481539914
-118.13887310160608	33.74260037624044
-118.14191122848278	33.749924143176045
-118.14047618061286	33.75180255876673
-118.13647714398115	33.75391297478339
-118.14570375591855	33.75436383065182
-118.13612250769829	33.74227671945929
-118.15349618799672	33.744929267641965
-118.15862692124287	33.74179447397419
-118.15078470136574	33.74459316608881
-118.16025676759662	33.74193867002526
-118.15753524001705	33.74165576698264
-118.15594998837753	33.741441801883965
-118.15366710472371	33.74115220128058
-118.1619749986771	33.740830503689544
-118.15328014089516	33.73884295252634
-118.15196387434636	33.73818488079252
-118.15665779826156	33.73939753088402
-118.15139821786806	33.737006611187745
-118.15164502158922	33.735829782854054
-118.15386205104755	33.736502884062574
-118.15747155576736	33.73814572983912
-118.15149407367691	33.734343732482145
-118.1498058711055	33.728049664619846
-118.15504850457008	33.73022307231212
-118.15288516648215	33.73227805802244
-118.15396142805764	33.732634037627754
-118.15265567059214	33.72730887564501
-118.1587749624566	33.73659878618899
-118.16164012649381	33.72918930104783
-118.16118486413595	33.72918131597346
-118.16069903154525	33.738390035143226
-118.1570262602119	33.73667250276567
-118.16028730974348	33.73679620489937
-118.15679985743029	33.73129589301069
-118.16018637952718	33.73525629441728
-118.16228238500887	33.73898524320058
-118.15989035028609	33.73047683251001
-118.16202132974149	33.7369894678229
-118.16344366968454	33.73583689310239
-118.1663528891676	33.736111872757625
-118.16389544705913	33.73919257008084
-118.16375262080986	33.737334362356144
-118.17031541812975	33.73011216510597
-118.1654157689585	33.73754852696314
-118.16695403516563	33.73769514434478
-118.16963144729435	33.736754797109285
-118.16564278642333	33.739632265034196
-118.17091304115581	33.73699332036151
-118.16861805555621	33.738162628706604
-118.17268130199282	33.73727056575345
-118.16980671954093	33.73863752636247
-118.17432220085465	33.73755627387426
-118.17119626642582	33.738977262891964
-118.17040879191734	33.74046642241267
-118.16716279007679	33.73983551740562
-118.16344206270858	33.74084994351262
-118.17449943249125	33.73962591535806
-118.1748472522968	33.739284663594006
-118.17364785168648	33.74107115385512
-118.17541084274697	33.737882952452146
-118.1732217726364	33.739141299957446
-118.16914056748885	33.74017690989352
-118.17225976570182	33.74075315606405
-118.16442166914935	33.7411573582463
-118.1745626021302	33.74144704556231
-118.16684202152659	33.741545764317664
-118.1682966756398	33.74176289957518
-118.16968173801806	33.74206337879258
-118.17126128248513	33.74243057682502
-118.17287923420672	33.74279437056171
-118.17385922151254	33.74294645030023
-118.15992519393103	33.74021755809423
-118.15810727698371	33.73982906594398
-118.15392376421615	33.73438064179895
-118.17148524901937	33.74443642233964
-118.16997815104939	33.74397430076864
-118.16856626653812	33.743799754881564
-118.1670629879348	33.74355117415875
-118.17308539947007	33.74444020647751
-118.17476489318709	33.74477789635057
-118.17143169188854	33.74621587546734
-118.17327145324833	33.746533136069495
-118.17342546431324	33.74632630883775
-118.17016491526671	33.74608526268821
-118.17053344638556	33.747660699431236
-118.16850315366932	33.745556358147006
-118.17184388279614	33.74785215172422
-118.16541316338909	33.74438960226986
-118.16519156621054	33.7443827262638
-118.1618636512759	33.74431915794462
-118.16603476579856	33.74669718646413
-118.16397961823677	33.744554209130875
-118.16264665412017	33.74614549060077
-118.16035467136311	33.74412923803696
-118.1594787303085	33.74546008227946
-118.1585526729673	33.74470748074137
-118.1590095769726	33.743491096254424
-118.15293249945262	33.74378461595929
-118.15208741281103	33.745325315076556
-118.18919207093471	33.760165504593445
-118.1913860809477	33.75996866020854
-118.19161525468999	33.760114573286714
-118.19135209877307	33.75622228944645
-118.19120642613554	33.755427921873434
-118.190725408255	33.75556851761117
-118.19060195796072	33.75463089551853
-118.18532709581493	33.75650074909836
-118.18514482338885	33.75644996221208
-118.18832794886096	33.75870295113157
-118.18725267101127	33.75695352062324
-118.1874694701685	33.75651468228983
-118.18929637981351	33.75394784104182
-118.18649366261305	33.75472356832763
-118.18991849826668	33.75333242927464
-118.1843530077535	33.754371700062585
-118.18980125708711	33.751250963694254
-118.18375729440298	33.752466084756996
-118.18656880233226	33.7544364401723
-118.18606963572114	33.752831281308005
-118.18655989091482	33.75374421121948
-118.18323123158159	33.752782328955405
-118.18528976490099	33.754082309305325
-118.17945785803145	33.752066696097096
-118.18691600542297	33.75215463109084
-118.18720697390853	33.752256989519
-118.18923859491414	33.750580332685324
-118.1836577631664	33.753696537707334
-118.181498582041	33.752442047210124
-118.1847732901854	33.75060112733332
-118.18899530974032	33.74944216022231
-118.18018880238273	33.74831718877492
-118.18842308235462	33.74814690885247
-118.18458430441166	33.74918489161355
-118.18235393812976	33.74867926984924
-118.18788577122841	33.746450466995455
-118.17552637496253	33.74785639177295
-118.17945281777814	33.746647827199205
-118.18066563232772	33.74668863690745
-118.18708484999813	33.746174426824126
-118.18395624722406	33.747015836089496
-118.1838201322815	33.74704921997913
-118.18530303133498	33.74523940122371
-118.17728535532676	33.7460471961337
-118.17849384418811	33.7443783774251
-118.17722141434199	33.740497521883654
-118.18674406733334	33.74304375447472
-118.18106571266556	33.74094529777963
-118.18344180764778	33.74117690521552
-118.18574162406573	33.74160433027754
-118.1796246391642	33.7369415021235
-118.17755300115512	33.73177143758755
-118.18730905518488	33.7860793475497
-118.17948229945614	33.783439659730405
-118.223597	33.778556
-118.2213	33.773942
-118.220953	33.774114
-118.21493	33.782046
-118.211686	33.77935
-118.221522	33.782017
-118.226626	33.771263
-118.227665	33.770189
-118.232527	33.761236
-118.240901	33.768836
-118.244189	33.774473
-118.242926	33.775082
-118.228868	33.773736
-118.233789	33.770189
-118.245243	33.780404
-118.24729	33.777301
-118.225788	33.763264
-118.256100333	33.785355905
-118.206541145	33.777282843
-118.20654133	33.778525555
-118.209032	33.778414
-118.219933	33.783128
-118.21745	33.782163
-118.207178	33.785205
-118.207178	33.785117
-118.207178	33.785524
-118.206832	33.785488
-118.23194982	33.78873354
-118.265938561	33.789970818
-118.266814517	33.785258887
-118.269321518	33.781806909
-118.261298561	33.775062365
-118.263533303	33.773178144
-118.267843525	33.784431886
-118.265868564	33.790269814
-118.22732	33.770811
-118.260932318	33.778008099
-118.248293977	33.784270676
-118.260018348	33.77673255
-118.255122949	33.779806379
-118.257052265	33.779408133
-118.22890464	33.790798902
-118.258843208	33.778360939
-118.252863944	33.779950791
-118.219672231	33.784157524
-118.268282114	33.789186185
-118.263635303	33.773081144
-118.260748223	33.770816226
-118.261400717	33.777618203
-118.269519397	33.772211072
-118.269492396	33.772136074
-118.27350446	33.771552025
-118.277329529	33.771615967
-118.25346298	33.77647307
-118.250765	33.774486
-118.249986	33.774718
-118.248526	33.775345
-118.249706	33.775078
-118.262193377	33.780870031
-118.26258338	33.78061803
-118.270301461	33.776076994
-118.26538139	33.777396044
-118.266554416	33.77780302
-118.26916446	33.777532985
-118.248614	33.775985
-118.248097	33.776017
-118.206559375	33.779516521
-118.206556171	33.779353609
-118.206554007	33.779379266
-118.206506705	33.775174959
-118.206511307	33.776291859
-118.239316601	33.789123987
-118.242294232	33.788961708
-118.244796158	33.788842223
-118.23807168	33.78306704
-118.235858782	33.782060385
-118.273312545	33.77833491
-118.274349544	33.77684792
-118.275444574	33.777592891
-118.269227481	33.779125957
-118.257391237	33.776711174
-118.241710919	33.785201986
-118.245851057	33.784326691
-118.206623009	33.780803124
-118.206553106	33.773594652
-118.206551702	33.77354882
-118.206545226	33.773398686
-118.206545642	33.773351238
-118.206554558	33.773293122
-118.219684	33.765275
-118.206546459	33.774564855
-118.206547074	33.774664666
-118.206544352	33.774908827
-118.206546526	33.774960472
-118.206549066	33.774997977
-118.20656022	33.771551916
-118.20653425	33.77150242
-118.258849108	33.764331366
-118.258734106	33.764330368
-118.258798107	33.764341366
-118.267038343	33.771470122
-118.262958425	33.783583973
-118.262980432	33.784123963
-118.260678275	33.775044154
-118.268317357	33.770761115
-118.220464	33.779413
-118.224144	33.772146
-118.227201	33.762786
-118.206832	33.784859
-118.215257	33.768115
-118.209927	33.768446
-118.206959	33.768546
-118.211945	33.772311
-118.278084227	33.775238656
-118.266613504	33.784519903
-118.269168493	33.780120941
-118.270068104	33.790184758
-118.268375764	33.787355192
-118.258717186	33.784348788
-118.260632164	33.779492997
-118.27044548	33.77730697
-118.260110386	33.784634997
-118.27464	33.79414
-118.253986126	33.772667294
-118.254459133	33.77251729
-118.255739148	33.771915281
-118.260885322	33.778438093
-118.249060008	33.791377751
-118.248996473	33.791382281
-118.206556056	33.771207129
-118.206566202	33.770763322
-118.207445254	33.76982798
0.0	0.0
-118.180959	33.75888
-118.230921	33.774408
-118.231036	33.775558
-118.2302	33.776639
-118.231143	33.785111
-118.232170585	33.78505369
-118.256936467	33.795690854
-118.25565838	33.79066696
-118.274564	33.789675
-118.195608513	33.7652159283
-118.243905	33.758063
-118.239891	33.758514
-118.239761	33.777
-118.242525	33.774285
-118.238295	33.776972
-118.235216	33.761011
-118.236485	33.763429
-118.238611	33.763277
-118.2353	33.762235
-118.233577	33.760328
-118.23784	33.759084
-118.236728	33.769199
-118.242262	33.769621
-118.261616341	33.782545726
-118.262450392	33.781709013
-118.278089312	33.775364988
-118.278089073	33.775322386
-118.260801294	33.77632413
-118.264537245	33.767230232
-118.268304358	33.770825114
-118.248044877	33.76643242
-118.245433712	33.761896473
-118.257162	33.781156
-118.266932664	33.786122628
-118.255611381	33.790740959
-118.23750012	33.788415727
-118.2269	33.762495
-118.230985	33.780984
-118.242934	33.780202
-118.244146	33.777736
-118.242652627	33.784076398
-118.239820443	33.785409376
-118.225971296	33.786520917
-118.264987546	33.790171829
-118.269354629	33.790354761
-118.274317	33.786977
-118.246591	33.775447
-118.227383	33.762729
-118.224957	33.766361
-118.225026	33.772728
-118.226698	33.771823
-118.256761158	33.771249278
-118.223072	33.773058
-118.223781	33.773314
-118.223865	33.772254
-118.224217	33.772136
-118.261912576	33.790243922
-118.254984022	33.775010759
-118.268841541	33.784300873
-118.273473622	33.784034809
-118.252714919	33.757804568
-118.253189958	33.760244519
-118.249921943	33.765537453
-118.259378514	33.795809816
-118.264226287	33.770987172
-118.27679661	33.778516855
-118.254271291	33.785509069
-118.255082365	33.790315975
-118.248362882	33.765799434
-118.249989946	33.765554453
-118.271351276	33.78984367
-118.261499407	33.784269983
-118.251027913	33.759653561
-118.253144957	33.76026752
-118.257383154	33.770062289
-118.257267151	33.769986292
-118.258134101	33.764804368
-118.263909235	33.767358239
-118.252026104	33.773712305
-118.25147708	33.772580333
-118.252439101	33.772846314
-118.250859908	33.759566564
-118.250880909	33.759620564
-118.259343238	33.773999192
-118.274685	33.795769
-118.227144	33.762816
-118.23072	33.761809
-118.225482	33.777811
-118.27059457	33.784050851
-118.237143	33.774027
-118.206609044	33.765971231
-118.22862	33.781152
-118.237892	33.769687
-118.237542	33.770389
-118.239518	33.773329
-118.238683	33.773383
-118.239345	33.77293
-118.240048	33.77339
-118.206565093	33.768868551
-118.207445287	33.77214594
-118.206558155	33.774003953
-118.207435327	33.775045889
-118.206556372	33.773791118
-118.224288	33.772089
-118.225405	33.77434
-118.248766	33.769903
-118.248842	33.771503
-118.235091	33.772532
-118.237111	33.780553
-118.240924	33.780585
-118.248224	33.76835
-118.241417	33.773752
-118.227629	33.781238
-118.250672021	33.769365394
-118.225528	33.778439
-118.223699	33.779822
-118.22016	33.778814
-118.217237	33.776892
-118.225029	33.773562
-118.221594	33.776357
-118.224713	33.771858
-118.217871	33.772014
-118.225543	33.76768
-118.223424	33.771684
-118.217464	33.770033
-118.225065	33.763503
-118.221429	33.763145
-118.219703	33.76603
-118.222237	33.775509
-118.217916	33.774323
-118.227838	33.771407
-118.22147	33.774391
-118.215689	33.771908
-118.224718	33.767359
-118.216797	33.770952
-118.208031	33.774019
-118.215741	33.777435
-118.215756	33.777399
-118.211826	33.774789
-118.208713	33.775369
-118.213058	33.778991
-118.207178	33.785493
-118.206832	33.785164
-118.206832	33.785284
-118.207178	33.785551
-118.206832	33.785375
-118.206832	33.785427
-118.242216	33.780495
-118.234797	33.780718
-118.239748	33.776871
-118.242681	33.775452
-118.231578	33.780943
-118.232605	33.779893
-118.23093	33.780301
-118.228523	33.781161
-118.227838	33.762585
-118.229052	33.770399
-118.225371	33.762992
-118.230915	33.761102
-118.228091	33.770549
-118.227424	33.770598
-118.235239	33.769222
-118.225005	33.773334
-118.224148	33.765872
-118.22679	33.770799
-118.239887	33.772837
-118.236429	33.773222
-118.224532	33.773674
-118.24915305	33.776764253
-118.208232	33.765795
-118.245008	33.774031
-118.237602	33.769156
-118.244038	33.766647
-118.239431	33.773751
-118.245299	33.7723
-118.245201	33.777212
-118.242168	33.779724
-118.24001	33.780358
-118.242057	33.763286
-118.242254	33.762963
-118.243869	33.773031
-118.238189	33.775583
-118.238807	33.772767
-118.242809	33.769374
-118.236099	33.764864
-118.237844	33.764593
-118.237587	33.764486
-118.237249	33.763727
-118.235258	33.778413
-118.233186	33.76278
-118.234808	33.769769
-118.235401	33.769528
-118.212248	33.76801
-118.208648	33.768337
-118.23951	33.780683
-118.238201	33.773694
-118.236429	33.768947
-118.23406	33.769696
-118.233774	33.769775
-118.22895	33.761701
-118.226292	33.762701
-118.227479	33.770799
-118.235242	33.769156
-118.234014	33.769642
-118.228014	33.770557
-118.227163	33.770821
-118.234223	33.761303
-118.229752	33.770176
-118.231096	33.776145
-118.245602	33.771098
-118.212349	33.774624
-118.23059	33.781013
-118.232699	33.780866
-118.237768	33.77883
-118.238517	33.764454
-118.229597	33.781028
-118.238413	33.76247
-118.226761	33.772467
-118.232734	33.770105
-118.243371	33.76388
-118.245899	33.762891
-118.215993	33.779817
-118.216026	33.779135
-118.242376	33.761219
-118.230433	33.772499
-118.23088	33.773994
-118.232892	33.771626
-118.228994	33.772086
-118.245107	33.771132
-118.22733	33.771894
-118.243129	33.773084
-118.233238	33.770201
-118.217003	33.779464
-118.217202	33.778755
-118.24739	33.766804
-118.240099	33.760446
-118.240964	33.769363
-118.235692	33.764421
-118.24157	33.77526
-118.240179	33.76044
-118.247415	33.771712
-118.242045	33.775859
-118.242497	33.774021
-118.234104	33.769751
-118.242528	33.777999
-118.240565	33.775328
-118.236615	33.760626
-118.228163	33.770924
-118.226585	33.762594
-118.232689	33.761748
-118.239357	33.77451
-118.24265	33.770652
-118.231774	33.772801
-118.243036	33.7605
-118.241271	33.758084
-118.230813	33.773337
-118.229922	33.774861
-118.240994	33.766885
-118.236849	33.760153
-118.242434	33.763464
-118.243114	33.763981
-118.242004	33.768939
-118.227539	33.762673
-118.231778	33.772516
-118.249392	33.773588
-118.242247	33.771848
-118.234346	33.773355
-118.235862	33.773675
-118.229606	33.770235
-118.242709	33.762457
-118.242935	33.77103
-118.20747421	33.766664035
-118.210774	33.779025
-118.233689	33.769782
-118.244842	33.762558
-118.234659	33.771266
-118.236516	33.775476
-118.242413	33.7634
-118.248215	33.771153
-118.24434	33.773293
-118.230518	33.773344
-118.237186	33.774632
-118.239026	33.764369
-118.241425	33.768243
-118.242345	33.76068
-118.240193	33.761948
-118.246301	33.769566
-118.235595	33.771003
-118.2275	33.766859
-118.232002	33.774908
-118.245226	33.758723
-118.235516	33.760924
-118.243388	33.763812
-118.243714	33.770405
-118.230255	33.770001
-118.235395	33.764791
-118.23542	33.777187
-118.241460758	33.792710079
-118.248523	33.778491
-118.257605	33.792286
-118.248529	33.777583
-118.270735	33.779882
-118.25499118	33.785821064
-118.257361	33.771807
-118.206548	33.771434
-118.225461	33.781391
-118.181724	33.760062
-118.219829	33.774904
-118.180959	33.75888
-118.180959	33.75888
-118.181724	33.760062
-118.181166	33.75998
-118.16521928286808	33.76422865203034
-118.181724	33.760062
-118.182348	33.759924
-118.15392376421615	33.73438064179895
-118.182348	33.759924
-118.15856246	33.753259
-118.206527	33.77342
-118.181689	33.760046
-118.182196	33.758898
-118.181724	33.760062
-118.181724	33.760062
-118.182196	33.758898
-118.180959	33.75888
-118.181166	33.75998
-118.226002	33.780249
-118.181724	33.760062
-118.182196	33.758898
-118.162874	33.742459
-118.219915	33.774396
-118.181166	33.75998
-118.182348	33.759924
-118.15392376421615	33.73438064179895
-118.182348	33.759924
-118.181724	33.760062
-118.246621	33.772027
-118.263633	33.767255
-118.228171	33.765284
-118.232379	33.763855
-118.230045	33.772939
-118.227932	33.770839
-118.23303	33.771755
-118.233166	33.762431
-118.234387	33.761882
-118.233881	33.760733
-118.237359	33.761125
-118.237739	33.76025
-118.231768	33.771741
-118.226731	33.773122
-118.233791	33.770847
-118.234117	33.770269
-118.228929	33.762146
-118.233379	33.76152
-118.234741	33.761137
-118.231685	33.770956
-118.229594	33.770372
-118.233257	33.764066
-118.234993	33.763661
-118.229944	33.771526
-118.182196	33.758898
-118.230215	33.774634
-118.15422125857314	33.745816836896736
-118.236736	33.769266
-118.182348	33.759924
-118.23615	33.763089
-118.24294	33.780268
-118.227681	33.772209
-118.230651	33.76398
-118.234139	33.764325
-118.226384	33.771487
-118.229946	33.765552
-118.239424	33.780688
-118.240291	33.779065
-118.231044	33.765976
-118.23111	33.769944
-118.231345	33.762563
-118.162874	33.742459
-118.247162962	33.781414222
-118.229191	33.781056
-118.228246	33.779511
-118.23998136	33.785395775
-118.242685	33.769407
-118.235438	33.780674
-118.244929	33.771145
-118.243935	33.769594
-118.241633	33.770948
-118.242746	33.770646
-118.242846	33.770639
-118.242553	33.770658
-118.242455	33.770665
-118.253582251	33.776318629
-118.234295	33.76012
-118.241184	33.771488
-118.181166	33.75998
-118.24323	33.775061
-118.226032	33.763175
-118.162874	33.742459
-118.246967184	33.795333171
-118.243409	33.763749
-118.249797	33.773169
-118.243401	33.763684
-118.243393	33.763618
-118.249717	33.773175
-118.243286	33.773073
-118.242275	33.763029
-118.246243	33.768697
-118.15856246	33.753259
-118.24468	33.762245
-118.232307	33.780894
-118.232307	33.780892
-118.229913	33.781006
-118.229754	33.781018
-118.23635	33.768954
-118.242476	33.777947
-118.242947	33.780334
-118.241083	33.780573
-118.236954	33.780564
-118.240846	33.780591
-118.235085	33.780699
-118.239845	33.777243
-118.238193	33.773627
-118.239599	33.771982
-118.181724	33.760062
-118.182348	33.759924
-118.227974	33.770557
-118.242028	33.777983
-118.233893	33.760238
-118.23531	33.765016
-118.22888	33.773866
-118.233513	33.76988
-118.235192	33.770623
-118.231551	33.771096
-118.228719	33.77224
-118.226754	33.772403
-118.230993	33.762173
-118.234619	33.760097
-118.229773	33.770439
-118.182196	33.758898
-118.275121674	33.804857687
-118.182348	33.759924
-118.275099296	33.804860557
-118.275044054	33.80486091
-118.180959	33.75888
-118.182196	33.758898
-118.180959	33.75888
-118.162874	33.742459
-118.181166	33.75998
-118.276438	33.771685
-118.213165	33.776103
-118.248386	33.774636
-118.238216	33.776978
-118.181724	33.760062
-118.181724	33.760062
-118.275059127	33.80502715
-118.272135685	33.805335283
-118.181166	33.75998
-118.181724	33.760062
-118.181724	33.760062
-118.272129853	33.805217187
-118.247598	33.771605
-118.242748	33.763801
-118.23745	33.761227
-118.236988	33.771718
-118.227439	33.773527
-118.232557	33.765743
-118.24931	33.775705
-118.231574	33.772955
-118.274138	33.784597
-118.15856246	33.753259
-118.181724	33.760062
-118.275876	33.778399
-118.272130384	33.805064068
-118.272132803	33.805108685
-118.272127778	33.805171554
-118.182348	33.759924
-118.181724	33.760062
-118.272130264	33.80519279
-118.253189	33.7854
-118.268724	33.796234
-118.266875	33.793777
-118.264364	33.792873
-118.264254	33.792866
-118.275004303	33.805028719
-118.236009	33.760503
-118.229331	33.778393
-118.23074	33.772617
-118.219002	33.777564
-118.231342	33.780959
-118.229321	33.781046
-118.272135658	33.805356548
-118.234824	33.776421
-118.22885	33.773561
-118.233303	33.769807
-118.23353	33.769792
-118.181724	33.760062
-118.182348	33.759924
-118.181166	33.75998
-118.243726	33.770535
-118.15856246	33.753259
-118.181724	33.760062
-118.233585	33.780802
-118.274955457	33.805030734
-118.206862	33.786002
-118.182196	33.758898
-118.238596	33.764446
-118.206862	33.785975
-118.236591	33.760182
-118.272678774	33.800017823
-118.234659	33.765214
-118.227154	33.774354
-118.235416	33.761899
-118.182348	33.759924
-118.221823206	33.78444255
-118.181724	33.760062
-118.181166	33.75998
-118.181166	33.75998
-118.231842	33.788578
-118.226020199	33.787730624
-118.226040336	33.787588079
-118.231905058	33.788511085
-118.231942602	33.788442724
-118.252255152	33.788923414
-118.252322875	33.788921915
-118.237598982	33.790850621
-118.225984806	33.786449867
-118.248289204	33.784194312
-118.23209855	33.788509129
-118.239057	33.764309
-118.256181338	33.79805313
-118.233821	33.760261
-118.228877	33.76218
-118.180959	33.75888
-118.181724	33.760062
-118.240676	33.760971
-118.256231158	33.798006143
-118.246606425	33.781584465
-118.225993266	33.786377026
-118.221906157	33.784444561
-118.162874	33.742459
-118.236431	33.774688
-118.237518	33.777027
-118.241177	33.771425
-118.181724	33.760062
-118.237918	33.769948
-118.23715	33.763828
-118.225941	33.781341
-118.231864	33.764259
-118.231773	33.772736
-118.228962	33.774691
-118.247079	33.77184
-118.237776	33.78436
-118.275	33.805
-118.275072478	33.804861247
-118.247195	33.772573
-118.182348	33.759924
-118.249269	33.77415
-118.227962	33.771136
-118.181166	33.75998
-118.181724	33.760062
-118.228904	33.774142
-118.225676	33.781359
-118.182348	33.759924
-118.181166	33.75998
-118.272129099	33.805086661
-118.22759	33.771097
-118.221655812	33.784441057
-118.221741915	33.784443166
-118.246418	33.771012
-118.233936	33.770862
-118.248067	33.771284
-118.242092	33.761738
-118.244136	33.762458
-118.250299	33.774617
-118.247904	33.769381
-118.274919537	33.80486418
-118.234164	33.770221
-118.22853	33.77112
-118.234299	33.76413
-118.237307	33.763114
-118.227532	33.772377
-118.233126	33.772618
-118.180959	33.75888
-118.230634	33.774024
-118.232998	33.762491
-118.232251	33.7641
-118.18514482338885	33.75644996221208
-118.182348	33.759924
-118.235199	33.769348
-118.181724	33.760062
-118.246042	33.772348
-118.241877	33.769277
-118.242017	33.769069
-118.241199	33.771626
-118.241241	33.772045
-118.245956	33.771412
-118.245929	33.770565
-118.241819	33.7675
-118.243839	33.772104
-118.241978	33.767518
-118.243826	33.771971
-118.243378	33.769434
-118.243704	33.770322
-118.241071	33.770407
-118.241046	33.770168
-118.219358	33.776382
-118.21938	33.776302
-118.256755	33.781101
-118.241041	33.770099
-118.241018	33.769906
-118.241351	33.773106
-118.241372	33.773303
-118.241116	33.770848
-118.241317	33.772798
-118.241276	33.772394
-118.240951	33.769234
-118.241123	33.768327
-118.240982	33.767864
-118.240885	33.76863
-118.181724	33.760062
-118.181724	33.760062
-118.246394	33.77863
-118.23178576	33.788640072
-118.232967197	33.787140534
-118.221409878	33.784439636
-118.221493337	33.784445094
-118.244864	33.780335
-118.241333	33.772942
-118.240929	33.769036
-118.180959	33.75888
-118.216841	33.770841
-118.216734	33.771097
-118.241851	33.767233
-118.241777	33.767259
-118.241704	33.767287
-118.241632	33.767312
-118.241123203	33.767544776
-118.24321	33.763695
-118.243134	33.763712
-118.24306	33.763729
-118.242988	33.763743
-118.182348	33.759924
-118.182196	33.758898
-118.206826	33.785519
-118.206826	33.785504
-118.206554199	33.779414132
-118.181724	33.760062
-118.245784	33.77277
-118.243863	33.772236
-118.243622	33.772931
-118.241447	33.774018
-118.241591	33.77536
-118.2416	33.775459
-118.24575	33.773306
-118.244046	33.7739
-118.244959	33.769197
-118.247361	33.768217
-118.246015	33.772087
-118.181724	33.760062
-118.219322	33.776374
-118.181166	33.75998
-118.249094712	33.791376319
-118.249126404	33.791379359
-118.182196	33.758898
-118.245588	33.773319
-118.244016	33.774029
-118.241612	33.77559
-118.241628	33.775721
-118.223734	33.763974
-118.238501	33.763184
-118.241931	33.762939
-118.241865	33.762745
-118.241953	33.763002
-118.241886	33.762811
-118.2259704	33.786588944
-118.225960582	33.786654937
-118.244632324	33.788851996
-118.237602922	33.790917383
-118.225302	33.776003
-118.221608776	33.78405455
-118.221788212	33.784301661
-118.221706375	33.784300678
-118.221618098	33.784301028
-118.221539	33.784307
-118.221454926	33.784304582
-118.221374261	33.784307336
-118.221538144	33.784030661
-118.228426	33.781166
-118.253884149	33.776299003
-118.181724	33.760062
-118.15856246	33.753259
-118.251347	33.777988
-118.182196	33.758898
-118.219345	33.776295
-118.232023505	33.788617507
-118.23202008	33.788475099
-118.226003827	33.787863591
-118.180959	33.75888
-118.221897992	33.784587175
-118.182348	33.759924
-118.234607	33.78073
-118.231145	33.780973
-118.234528	33.780736
-118.256234	33.781898
-118.255523	33.781813
-118.258483	33.781991
-118.255520168	33.7827434668
-118.255542965	33.782718187
-118.255537782	33.7826519356
-118.255550777	33.7828174063
-118.256876763	33.7806031644
-118.255756668	33.7825851611
-118.2557499	33.7827248
-118.255783163	33.7826568989
-118.255742	33.7826262
-118.2548494	33.7827561
-118.2557762	33.7827978
-118.224872	33.766239
-118.2403	33.760349
-118.242001	33.763127
-118.2569367	33.781344
-118.2557304	33.7824781
-118.255777246	33.7825187652
0.0	0.0
-118.255679427	33.781645896
-118.237412	33.758025
-118.2556936	33.7817448
-118.2556858	33.7816461
-118.25572091	33.7817200967
-118.240969	33.769403
-118.241466	33.774205
-118.241026	33.769935
-118.255468974	33.7820454081
-118.255703375	33.781829511
-118.2214796	33.7838987
-118.2214557	33.7837995
-118.240892	33.768695
-118.241064	33.770339
-118.230682	33.775317
-118.255497	33.782623
-118.255508	33.782498
-118.2234119	33.758706
-118.23543229	33.75864809
-118.24181278	33.76983909
-118.240486	33.773219
-118.2554736	33.7827267
-118.232798	33.759094
-118.240538	33.773214
-118.20659	33.768379
-118.232003	33.763488
-118.24292144	33.76351847
-118.233687	33.759144
-118.206564	33.768762
-118.206562	33.768675
-118.206568	33.768452
-118.234402	33.758653
-118.227134	33.775559
-118.226219	33.775448
-118.221249	33.783896
-118.22124	33.783881
-118.22123	33.783867
-118.227148	33.775725
-118.242062	33.77171
-118.241169	33.771795
-118.242058	33.771657
-118.242094	33.772023
-118.241866	33.770056
-118.255739	33.782321
-118.255749	33.782452
-118.255743	33.78237
-118.236539	33.758385
-118.236614	33.758363
-118.236639	33.758356
-118.242279	33.762907
-118.224327	33.766001
-118.22431	33.766007
-118.224367	33.765986
-118.227163	33.775905
-118.227149	33.775757
-118.255476	33.78236
-118.242201	33.773001
-118.242191	33.772897
-118.255445	33.781692
-118.221276	33.783941
-118.242133	33.772325
-118.221285	33.783956
-118.255485	33.782202
-118.221287	33.783967
-118.221267	33.783926
-118.221258	33.783911
-118.221272	33.783896
-118.255522	33.78268
-118.255446	33.781709
-118.162874	33.742459
-118.162874	33.742459
-118.242046	33.763255
-118.240261	33.760352
-118.242023	33.763191
-118.24219	33.763671
-118.230035	33.78105
-118.234683	33.780726
-118.255471364	33.7818290399
-118.2554762	33.7823596
-118.2556924	33.7817284
-118.2557246	33.7821397
-118.255476169	33.7819101847
-118.255725922	33.7818194732
-118.2554483	33.7817416
-118.255726636	33.7821906042
-118.255512644	33.7826199105
-118.2557135	33.7822642
-118.2557329	33.7825109
-118.2555065	33.782482
-118.20738	33.752585
-118.190562	33.742615
-118.182348	33.759924
-118.215986	33.759069
-118.210032	33.758463
-118.213144	33.756958
-118.180959	33.75888
-118.195604	33.76551
-118.195604	33.765427
-118.195604	33.765328
-118.224798	33.75769
-118.19166	33.741164
-118.191673	33.741153
-118.233421	33.75919
-118.216786	33.761359
-118.216408	33.76026
-118.210657	33.764138
-118.215988	33.758587
-118.198756	33.754396
-118.210157	33.750664
-118.199645	33.754905
-118.203476	33.756579
-118.203475	33.758056
-118.20488	33.745573
-118.191116	33.748597
-118.213145	33.757079
-118.213398	33.764253
-118.215988	33.757969
-118.207638	33.76393
-118.162874	33.742459
-118.181724	33.760062
-118.181166	33.75998
-118.195372	33.752619
-118.195602	33.75252
-118.195575	33.752496
-118.195058	33.752356
-118.205941	33.761423
-118.21641	33.760845
-118.210914	33.750271
-118.210822	33.750318
-118.213358	33.76426
-118.210657	33.764406
-118.210068	33.758463
-118.205942	33.760462
-118.209996	33.758463
-118.209887	33.759089
-118.205939	33.761353
-118.208187	33.764886
-118.199091	33.754564
-118.19487	33.752198
-118.194612	33.751982
-118.191511	33.749385
-118.1903	33.744692
-118.190301	33.744403
-118.190301	33.74437
-118.190548	33.744198
-118.190303	33.742952
-118.190303	33.742886
-118.195072	33.752368
-118.205944	33.756133
-118.208309	33.764874
-118.207272	33.752585
-118.195191	33.752175
-118.195219	33.752199
-118.194926	33.752245
-118.194571	33.751947
-118.19464	33.752006
-118.194843	33.751884
-118.191699	33.749542
-118.191811	33.749636
-118.191669	33.749149
-118.1903	33.744642
-118.1903	33.744791
-118.1903	33.744725
-118.190547	33.744676
-118.190548	33.744437
-118.209887	33.758877
-118.209634	33.759413
-118.209887	33.758787
-118.20967	33.758462
-118.205941	33.760907
-118.205941	33.760633
-118.205844	33.762209
-118.205789	33.762077
-118.191469	33.74935
-118.201896	33.757484
-118.180959	33.75888
-118.15856246	33.753259
-118.180959	33.75888
-118.205448	33.759774
-118.205942	33.760256
-118.205449	33.758126
-118.205451	33.755721
-118.181724	33.760062
-118.182196	33.758898
-118.182348	33.759924
-118.182196	33.758898
-118.180959	33.75888
-118.180959	33.75888
-118.180959	33.75888
-118.180959	33.75888
-118.181166	33.75998
-118.182348	33.759924
-118.180959	33.75888
-118.181724	33.760062
-118.182348	33.759924
-118.182348	33.759924
-118.190548	33.744404
-118.190548	33.744371
-118.190548	33.744214
-118.190303	33.74287
-118.19055	33.742986
-118.190553	33.742664
-118.190556	33.742648
-118.190568	33.742583
-118.190344	33.742446
-118.191632	33.74911
-118.190365	33.742331
-118.206008	33.762632
-118.205884	33.762305
-118.205654	33.76179
-118.207607	33.764263
-118.207607	33.764208
-118.204955	33.759087
-118.207607	33.764642
-118.207018	33.752585
-118.209779	33.758463
-118.209887	33.758817
-118.207416	33.752585
-118.205941	33.760736
-118.207452	33.752586
-118.182348	33.759924
-118.181724	33.760062
-118.180959	33.75888
-118.180959	33.75888
-118.15856246	33.753259
-118.180959	33.75888
-118.180959	33.75888
-118.182533	33.759084
-118.180959	33.75888
-118.180959	33.75888
-118.180959	33.75888
-118.182348	33.759924
-118.180959	33.75888
-118.15856246	33.753259
-118.181166	33.75998
-118.180959	33.75888
-118.20526	33.761035
-118.205224	33.760973
-118.20515	33.760848
-118.205074	33.760728
-118.204517	33.759934
-118.20449	33.7599
-118.204445	33.759842
-118.205718	33.761917
-118.181166	33.75998
-118.181724	33.760062
-118.182348	33.759924
-118.182348	33.759924
-118.206718	33.752981
-118.180959	33.75888
-118.180959	33.75888
-118.180959	33.75888
-118.182348	33.759924
-118.182348	33.759924
-118.181724	33.760062
-118.180959	33.75888
-118.182348	33.759924
-118.180959	33.75888
-118.182348	33.759924
-118.208132	33.76393
-118.181166	33.75998
-118.195128	33.752414
-118.194912	33.752233
-118.194696	33.752052
-118.191414	33.749303
-118.181724	33.760062
-118.182348	33.759924
-118.181724	33.760062
-118.181724	33.760062
-118.181166	33.75998
-118.180959	33.75888
-118.182348	33.759924
-118.181724	33.760062
-118.182196	33.758898
-118.181166	33.75998
-118.181724	33.760062
-118.182348	33.759924
-118.180959	33.75888
-118.180959	33.75888
-118.182348	33.759924
-118.180959	33.75888
-118.181166	33.75998
-118.182348	33.759924
-118.182196	33.758898
-118.180959	33.75888
-118.180959	33.75888
-118.180959	33.75888
-118.181724	33.760062
-118.182348	33.759924
-118.15856246	33.753259
-118.181724	33.760062
-118.181724	33.760062
-118.15856246	33.753259
-118.182348	33.759924
-118.15856246	33.753259
-118.182196	33.758898
-118.162874	33.742459
-118.181724	33.760062
-118.181166	33.75998
-118.182196	33.758898
-118.182196	33.758898
-118.181166	33.75998
-118.181724	33.760062
-118.182196	33.758898
-118.181166	33.75998
-118.181166	33.75998
-118.182348	33.759924
-118.182196	33.758898
-118.181166	33.75998
-118.203887	33.758203
-118.203887	33.758135
-118.203887	33.758067
-118.202577	33.757584
-118.202517	33.757535
-118.180959	33.75888
-118.182196	33.758898
-118.181166	33.75998
-118.180959	33.75888
-118.20397	33.759282
-118.201514	33.756402
-118.201373	33.756331
-118.201204	33.756246
-118.202541	33.757955
-118.205354	33.761198
-118.206032	33.762671
-118.197452	33.755086
-118.197437	33.75508
-118.198858	33.754421
-118.198975	33.754493
-118.1807425061968	33.76906220984144
-118.180959	33.75888
-118.180959	33.75888
-118.181724	33.760062
-118.182196	33.758898
-118.181724	33.760062
-118.180959	33.75888
-118.162874	33.742459
-118.180959	33.75888
-118.181724	33.760062
-118.182348	33.759924
-118.181166	33.75998
-118.182196	33.758898
-118.181166	33.75998
-118.16521928286808	33.76422865203034
-118.181724	33.760062
-118.202697	33.757678
-118.232338	33.759527
-118.225629	33.763294
-118.201443	33.756367
-118.195604	33.765411
-118.203122	33.758442
-118.202696	33.758079
-118.202637	33.758031
-118.202298	33.75777
-118.202175	33.757679
-118.20205	33.75759
-118.182196	33.758898
-118.15856246	33.753259
-118.181166	33.75998
-118.180959	33.75888
-118.180959	33.75888
-118.182196	33.758898
-118.181724	33.760062
-118.190548	33.744288
-118.15856246	33.753259
-118.15856246	33.753259
-118.181166	33.75998
-118.181166	33.75998
-118.182196	33.758898
-118.181724	33.760062
-118.182348	33.759924
-118.182196	33.758898
-118.181166	33.75998
-118.182196	33.758898
-118.182196	33.758898
-118.182196	33.758898
-118.182196	33.758898
-118.182196	33.758898
-118.13748175158285	33.74124613406473
-118.181166	33.75998
-118.181166	33.75998
-118.180959	33.75888
-118.162874	33.742459
-118.181724	33.760062
-118.180959	33.75888
-118.195115	33.752111
-118.182196	33.758898
-118.180959	33.75888
-118.181724	33.760062
-118.181166	33.75998
-118.1576937131532	33.751660764292524
-118.182348	33.759924
-118.162874	33.742459
-118.162828	33.742602
-118.182196	33.758898
-118.182196	33.758898
-118.182533	33.759084
-118.182196	33.758898
-118.216855167	33.7608160343
-118.212157	33.749508
-118.182196	33.758898
-118.181166	33.75998
-118.182348	33.759924
-118.182196	33.758898
-118.181166	33.75998
-118.181724	33.760062
-118.181166	33.75998
-118.182348	33.759924
-118.181166	33.75998
-118.180959	33.75888
-118.182533	33.759084
-118.180959	33.75888
-118.182348	33.759924
-118.190548	33.744387
-118.19055	33.742953
-118.182533	33.759084
-118.160467	33.753111
-118.222015	33.755354
-118.230013	33.762471
-118.233063	33.759313
-118.182533	33.759084
-118.198699	33.755614
-118.180959	33.75888
-118.182196	33.758898
-118.15856246	33.753259
-118.181724	33.760062
-118.181166	33.75998
-118.160467	33.753111
-118.181166	33.75998
-118.182533	33.759084
-118.160467	33.753111
-118.181724	33.760062
-118.181724	33.760062
-118.182196	33.758898
-118.182348	33.759924
-118.181166	33.75998
-118.181724	33.760062
-118.182196	33.758898
-118.194626	33.751994
-118.216834	33.761014
-118.182533	33.759084
-118.182533	33.759084
-118.162874	33.742459
-118.198186	33.755396
-118.197716	33.755198
-118.197599	33.755148
-118.195604	33.765394
-118.195604	33.765378
-118.195604	33.765361
-118.195604	33.765345
-118.195604	33.765312
-118.195604	33.765295
-118.205401	33.761283
-118.205366	33.761221
-118.181724	33.760062
-118.181166	33.75998
-118.181724	33.760062
-118.180959	33.75888
-118.15856246	33.753259
-118.16603476579856	33.74669718646413
-118.181166	33.75998
-118.16179622868263	33.76303464722424
-118.180959	33.75888
-118.15856246	33.753259
-118.182348	33.759924
-118.180959	33.75888
-118.181166	33.75998
-118.180959	33.75888
-118.182196	33.758898
-118.15856246	33.753259
-118.162874	33.742459
-118.15856246	33.753259
-118.162874	33.742459
-118.162874	33.742459
-118.213722	33.7642
-118.162874	33.742459
-118.15856246	33.753259
-118.159891	33.752137
-118.162874	33.742459
-118.160467	33.753111
-118.182196	33.758898
-118.181166	33.75998
-118.180959	33.75888
-118.181724	33.760062
-118.180959	33.75888
-118.182348	33.759924
-118.181166	33.75998
-118.181166	33.75998
-118.15856246	33.753259
-118.18106571266556	33.74094529777963
-118.180959	33.75888
-118.180959	33.75888
-118.182348	33.759924
-118.212907	33.749241
-118.22135	33.75583
-118.221377	33.755895
-118.212834	33.74927
-118.181166	33.75998
-118.15422125857314	33.745816836896736
-118.181724	33.760062
-118.17832865706094	33.76881189597456
-118.180959	33.75888
-118.162874	33.742459
-118.16179622868263	33.76303464722424
-118.182196	33.758898
-118.15856246	33.753259
-118.182196	33.758898
-118.1748472522968	33.739284663594006
-118.181166	33.75998
-118.182348	33.759924
-118.182196	33.758898
-118.180959	33.75888
-118.181166	33.75998
-118.182196	33.758898
-118.182196	33.758898
-118.182348	33.759924
-118.180959	33.75888
-118.15856246	33.753259
-118.23567	33.75825
-118.235204	33.758387
-118.162874	33.742459
-118.180959	33.75888
-118.180959	33.75888
-118.182348	33.759924
-118.180959	33.75888
-118.182196	33.758898
-118.181166	33.75998
-118.15856246	33.753259
-118.181166	33.75998
-118.16521928286808	33.76422865203034
-118.182348	33.759924
-118.16603476579856	33.74669718646413
-118.190529	33.745218
-118.181724	33.760062
-118.180959	33.75888
-118.182348	33.759924
-118.205296	33.761097
-118.204472	33.759877
-118.203009	33.758342
-118.201667	33.75733
-118.205335	33.761159
-118.211404	33.750016
-118.211312	33.750063
-118.217179	33.76171
-118.231589	33.759725
-118.232217	33.759978
-118.230667	33.760437
-118.220949	33.757053
-118.23252	33.759453
-118.221104	33.757008
-118.221868	33.758816
-118.220858	33.758731
-118.234849	33.758773
-118.231433	33.759771
-118.210976	33.750239
-118.211098	33.750175
-118.233918	33.759045
-118.213218	33.756635
-118.217447	33.761693
-118.221541	33.756286
-118.220778	33.755155
-118.2335632	33.7591814
-118.194815	33.75186
-118.15422125857314	33.745816836896736
-118.181724	33.760062
-118.162874	33.742459
-118.181166	33.75998
-118.181724	33.760062
-118.182196	33.758898
-118.181166	33.75998
-118.180959	33.75888
-118.181724	33.760062
-118.181724	33.760062
-118.181724	33.760062
-118.180959	33.75888
-118.15856246	33.753259
-118.181166	33.75998
-118.182196	33.758898
-118.181724	33.760062
-118.182348	33.759924
-118.234306	33.758932
-118.236868	33.758183
-118.237645	33.757957
-118.233607	33.759136
-118.221364	33.762385
-118.237179	33.758093
-118.233343	33.759213
-118.224516	33.757016
-118.221964	33.755088
-118.204996	33.745475
-118.204996	33.745541
-118.239378	33.757451
-118.239411	33.75744
-118.199237	33.754654
-118.206765	33.752585
-118.204997	33.745263
-118.190528	33.744994
-118.191686	33.741142
-118.191153	33.748635
-118.191088	33.748572
-118.205762208	33.756113235
-118.205960336	33.758711941
-118.217404173	33.761714156
-118.217293	33.761713
-118.217251513	33.76171291
-118.194968	33.75228
-118.240476	33.773128
-118.190548	33.744354
-118.190548	33.744338
-118.190356	33.74238
-118.234967	33.758784
-118.180959	33.75888
-118.182196	33.758898
-118.181166	33.75998
-118.181166	33.75998
-118.181724	33.760062
-118.182348	33.759924
-118.160467	33.753111
-118.181724	33.760062
-118.182348	33.759924
-118.182196	33.758898
-118.190359	33.742364
-118.15856246	33.753259
-118.234304	33.758976
-118.23338	33.759249
-118.234077	33.75905
-118.15856246	33.753259
-118.220737	33.755027
-118.182196	33.758898
-118.180959	33.75888
-118.181724	33.760062
-118.182348	33.759924
-118.181724	33.760062
-118.180959	33.75888
-118.180959	33.75888
-118.182348	33.759924
-118.180959	33.75888
-118.182348	33.759924
-118.15856246	33.753259
-118.15856246	33.753259
-118.181166	33.75998
-118.181724	33.760062
-118.181724	33.760062
-118.181724	33.760062
-118.180959	33.75888
-118.180959	33.75888
-118.221747	33.755023
-118.190606	33.742379
-118.216671	33.761028
-118.217251	33.76146
-118.216671	33.761064
-118.205861	33.757687
-118.204775	33.745326
-118.204775	33.74529
-118.181724	33.760062
-118.182348	33.759924
-118.16603476579856	33.74669718646413
-118.181724	33.760062
-118.182348	33.759924
-118.181166	33.75998
-118.181166	33.75998
-118.182196	33.758898
-118.15856246	33.753259
-118.182348	33.759924
-118.181724	33.760062
-118.16521928286808	33.76422865203034
-118.181724	33.760062
-118.181724	33.760062
-118.182196	33.758898
-118.18106571266556	33.74094529777963
-118.191054	33.748569
-118.20275	33.757009
-118.20275	33.757045
-118.205888	33.757702
-118.194982	33.752292
-118.221467	33.755015
-118.221509	33.755003
-118.221523	33.755013
-118.221592	33.754978
-118.221607	33.754989
-118.2218	33.754916
-118.233762	33.75909
-118.211191	33.750127
-118.211129	33.750159
-118.210066	33.750713
-118.210006	33.750746
-118.221182	33.756982
-118.198946	33.754475
-118.224603	33.757223
-118.221007	33.755367
-118.221074	33.755347
-118.221212	33.755307
-118.221794	33.755139
-118.182196	33.758898
-118.1485849013865	33.73784778180519
-118.182348	33.759924
-118.181724	33.760062
-118.1485849013865	33.73784778180519
-118.181724	33.760062
-118.182348	33.759924
-118.182348	33.759924
-118.181724	33.760062
-118.1576937131532	33.751660764292524
-118.18106571266556	33.74094529777963
-118.181166	33.75998
-118.180959	33.75888
-118.181724	33.760062
-118.180959	33.75888
-118.182196	33.758898
-118.182196	33.758898
-118.204775	33.745364
-118.227156	33.775799
-118.227159	33.775836
-118.227163	33.775873
-118.20275	33.756971
-118.20275	33.756934
-118.221677	33.754954
-118.203231	33.756782
-118.203231	33.756856
-118.224307	33.765963
-118.238576	33.757684
-118.230742	33.760409
-118.236247	33.758365
-118.231511	33.759748
-118.224647	33.757327
-118.22469	33.757431
-118.224733	33.757535
-118.22495	33.758054
-118.225037	33.758261
-118.215988	33.759
-118.218321	33.762756
-118.218054	33.76241
-118.216704	33.761359
-118.210311	33.750585
-118.207597	33.76393
-118.207607	33.764675
-118.207607	33.764744
-118.182196	33.758898
-118.181724	33.760062
-118.182196	33.758898
-118.15856246	33.753259
-118.181724	33.760062
-118.181724	33.760062
-118.181724	33.760062
-118.162874	33.742459
-118.162874	33.742459
-118.191055	33.748619
-118.205721	33.757762
-118.211306	33.749351
-118.205721	33.7578
-118.205723	33.758133
-118.181724	33.760062
-118.180959	33.75888
-118.182348	33.759924
-118.181166	33.75998
-118.182196	33.758898
-118.182533	33.759084
-118.204996	33.745563
-118.181166	33.75998
-118.182348	33.759924
-118.182348	33.759924
-118.239309	33.75747
-118.17832865706094	33.76881189597456
-118.16521928286808	33.76422865203034
-118.181166	33.75998
-118.162874	33.742459
-118.181724	33.760062
-118.180959	33.75888
-118.182196	33.758898
-118.162874	33.742459
-118.205723	33.75817
-118.162874	33.742459
-118.182196	33.758898
-118.162874	33.742459
-118.18514482338885	33.75644996221208
-118.181166	33.75998
-118.181724	33.760062
-118.182196	33.758898
-118.181166	33.75998
-118.181166	33.75998
-118.182196	33.758898
-118.162874	33.742459
-118.15856246	33.753259
-118.15856246	33.753259
-118.18514482338885	33.75644996221208
-118.162874	33.742459
-118.190301	33.744321
-118.2128	33.757139
-118.213037	33.756635
-118.210434	33.750521
-118.210373	33.750553
-118.205943	33.756065
-118.205944	33.756477
-118.205942	33.76053
-118.205451	33.75579
-118.207126	33.752586
-118.203969	33.757301
-118.204464	33.756064
-118.20397	33.756476
-118.182196	33.758898
-118.16179622868263	33.76303464722424
-118.18514482338885	33.75644996221208
-118.181166	33.75998
-118.181166	33.75998
-118.162874	33.742459
-118.181724	33.760062
-118.191797	33.749624
-118.203969	33.757713
-118.203475	33.757987
-118.205448	33.760118
-118.203475	33.756682
-118.203969	33.756545
-118.203476	33.756751
-118.202983	33.756819
-118.204462	33.758881
-118.205941	33.761183
-118.205941	33.76108
-118.204462	33.758812
-118.203476	33.757781
-118.203476	33.756819
-118.182348	33.759924
-118.181166	33.75998
-118.182196	33.758898
-118.162874	33.742459
-118.182348	33.759924
-118.182533	33.759084
-118.162874	33.742459
-118.190301	33.744436
-118.15856246	33.753259
-118.221314	33.755276
-118.1903	33.744659
-118.195491	33.752426
-118.194884	33.75221
-118.1903	33.744708
-118.182348	33.759924
-118.190301	33.74442
-118.180959	33.75888
-118.181166	33.75998
-118.181724	33.760062
-118.181724	33.760062
-118.194759	33.751814
-118.194898	33.752222
-118.195059	33.752065
-118.181724	33.760062
-118.182196	33.758898
-118.190301	33.744288
-118.190559	33.742632
-118.190341	33.742462
-118.190612	33.742346
-118.191644	33.749123
-118.190303	33.742936
-118.182348	33.759924
-118.182348	33.759924
-118.190547	33.744791
-118.182196	33.758898
-118.1914	33.749291
-118.181166	33.75998
-118.181724	33.760062
-118.182196	33.758898
-118.181166	33.75998
-118.181166	33.75998
-118.182196	33.758898
-118.1954	33.752642
-118.15856246	33.753259
-118.203476	33.756957
-118.204463	33.75627
-118.20395	33.756614
-118.199499	33.754815
-118.182196	33.758898
-118.182348	33.759924
-118.181166	33.75998
-118.198585	33.754591
-118.198541	33.75464
-118.181166	33.75998
-118.181724	33.760062
-118.181724	33.760062
-118.182196	33.758898
-118.182196	33.758898
-118.182196	33.758898
-118.180959	33.75888
-118.181724	33.760062
-118.162874	33.742459
-118.182348	33.759924
-118.181724	33.760062
-118.181724	33.760062
-118.181166	33.75998
-118.221417	33.755247
-118.20545	33.757782
-118.202983	33.756922
-118.199587	33.754869
-118.199179	33.754618
-118.19915	33.7546
-118.202983	33.756991
-118.190547	33.744758
-118.15856246	33.753259
-118.181166	33.75998
-118.180959	33.75888
-118.15856246	33.753259
-118.181724	33.760062
-118.190548	33.744148
-118.182348	33.759924
-118.182348	33.759924
-118.181724	33.760062
-118.180959	33.75888
-118.181166	33.75998
-118.181724	33.760062
-118.181166	33.75998
-118.181166	33.75998
-118.180959	33.75888
-118.195442	33.752677
-118.19533	33.752584
-118.181166	33.75998
-118.180959	33.75888
-118.181166	33.75998
-118.180605	33.759735
-118.15856246	33.753259
-118.191643	33.741178
-118.181166	33.75998
-118.19055	33.742887
-118.181724	33.760062
-118.15856246	33.753259
-118.180959	33.75888
-118.182348	33.759924
-118.180959	33.75888
-118.181166	33.75998
-118.180959	33.75888
-118.181166	33.75998
-118.162874	33.742459
-118.15856246	33.753259
-118.15856246	33.753259
-118.182196	33.758898
-118.182196	33.758898
-118.180959	33.75888
-118.180959	33.75888
-118.162874	33.742459
-118.181724	33.760062
-118.181724	33.760062
-118.181166	33.75998
-118.190603	33.742395
-118.181166	33.75998
-118.181724	33.760062
-118.181724	33.760062
-118.15856246	33.753259
-118.160467	33.753111
-118.182348	33.759924
-118.180959	33.75888
-118.15856246	33.753259
-118.203476	33.756888
-118.20662	33.752585
-118.205942	33.760496
-118.199703	33.754941
-118.15856246	33.753259
-118.221452	33.755237
-118.15856246	33.753259
-118.162874	33.742459
-118.182196	33.758898
-118.181166	33.75998
-118.181166	33.75998
-118.182348	33.759924
-118.182196	33.758898
-118.181166	33.75998
-118.181166	33.75998
-118.181166	33.75998
-118.181166	33.75998
-118.204881	33.745755
-118.20488	33.745361
-118.198779	33.754372
-118.198604	33.754567
-118.190528	33.745143
-118.190529	33.745127
-118.190547	33.744692
-118.15856246	33.753259
-118.181166	33.75998
-118.181166	33.75998
-118.181166	33.75998
-118.180959	33.75888
-118.181166	33.75998
-118.190547	33.744725
-118.180959	33.75888
-118.182348	33.759924
-118.190529	33.745044
-118.190529	33.745028
-118.191512	33.741289
-118.191178	33.748661
-118.191164	33.748647
-118.162874	33.742459
-118.182196	33.758898
-118.15856246	33.753259
-118.182348	33.759924
-118.181724	33.760062
-118.180959	33.75888
-118.181166	33.75998
-118.181724	33.760062
-118.15856246	33.753259
-118.182533	33.759084
-118.19163	33.741189
-118.1903	33.744675
-118.162874	33.742459
-118.209973	33.75076
-118.190548	33.74442
-118.180959	33.75888
-118.15856246	33.753259
-118.182196	33.758898
-118.181166	33.75998
-118.15856246	33.753259
-118.182348	33.759924
-118.182348	33.759924
-118.180959	33.75888
-118.182196	33.758898
-118.180959	33.75888
-118.182196	33.758898
-118.227518	33.761449
-118.232605	33.759865
-118.182196	33.758898
-118.181166	33.75998
-118.232304	33.759956
-118.228952	33.760502
-118.225123	33.758467
-118.180959	33.75888
-118.182348	33.759924
-118.181166	33.75998
-118.182348	33.759924
-118.182196	33.758898
-118.228723	33.760574
-118.182196	33.758898
-118.182196	33.758898
-118.180959	33.75888
-118.182196	33.758898
-118.181166	33.75998
-118.180959	33.75888
-118.181166	33.75998
-118.235238	33.75866
-118.236635	33.758252
-118.222032	33.759131
-118.222934	33.760731
-118.222983	33.760789
-118.223892	33.761807
-118.22926	33.760406
-118.236713	33.758229
-118.228157	33.760767
-118.221259	33.756962
-118.221901	33.758879
-118.22186	33.755117
-118.221929	33.755097
-118.216408	33.759848
-118.216834	33.760946
-118.213142	33.74911
-118.224538	33.757068
-118.216408	33.76129
-118.216408	33.759916
-118.216408	33.760125
-118.215988	33.758793
-118.216408	33.7605
-118.215988	33.758003
-118.213479	33.779747
-118.224727	33.771989
-118.227219	33.770844
-118.232237	33.761882
-118.230789	33.766246
-118.245319	33.779152
-118.259549279	33.776953138
-118.209554	33.778649
-118.207178	33.785425
-118.224071	33.772171
-118.252276803	33.776682902
-118.255334359	33.7781848
-118.256742171	33.772361259
-118.254195768	33.780006898
-118.262257071	33.790528878
-118.206569628	33.77082076
-118.206557614	33.769684996
-118.228875302	33.782610961
-118.230873277	33.782474896
-118.274910668	33.785485762
0.0	0.0
-118.256831145	33.770136296
-118.235832932	33.785878265
-118.231264	33.76271
-118.230388	33.762318
-118.226375	33.766086
-118.269586405	33.772708063
-118.269586406	33.772795061
-118.256178368	33.788897983
-118.257722172	33.771024267
-118.254264299	33.786209057
-118.248920897	33.76518445
-118.247111	33.765991
-118.250142168	33.780151245
-118.251562252	33.779963629
-118.23124	33.762455
-118.23651	33.771884
-118.207431299	33.773071923
-118.241581	33.770453
-118.235775	33.780651
-118.224909	33.772649
-118.226896	33.774036
-118.220252	33.774527
-118.234797	33.769664
-118.237588	33.777022
-118.233971	33.769587
-118.236469	33.770522
-118.236264	33.772697
-118.233367	33.761272
-118.246918	33.772958
-118.247595	33.769257
-118.209678	33.775504
-118.248697	33.774467
-118.234785	33.771621
-118.249619	33.773963
-118.227982	33.762533
-118.232921	33.771906
-118.238187	33.775076
-118.235833	33.760831
-118.245237	33.766584
-118.228801	33.773053
-118.238367	33.763839
-118.233709	33.770193
-118.234831	33.763113
-118.241889	33.769407
-118.237273	33.760378
-118.233248	33.761587
-118.230943	33.761745
-118.231652	33.771362
-118.233567	33.770875
-118.228663	33.771704
-118.236846	33.764154
-118.235744	33.774301
-118.227091	33.772856
-118.247375	33.772448
-118.245888	33.770193
-118.246842	33.776252
-118.246427	33.776481
-118.229069	33.772833
-118.231767	33.772995
-118.233841	33.765622
-118.241621	33.770865
-118.240867	33.768428
-118.233471	33.772237
-118.234304	33.772945
-118.245974	33.771676
-118.229934	33.766493
-118.240017	33.759582
-118.245202	33.771126
-118.240973	33.769462
-118.242495	33.763656
-118.228053	33.762506
-118.237059	33.764407
-118.233002	33.763415
-118.247223	33.76821
-118.245322	33.769164
-118.235172	33.77044
-118.195142	33.752135
-118.208091	33.76393
-118.205941	33.761252
-118.214579	33.763433
-118.213362	33.756867
-118.19162	33.749098
-118.207607	33.764538
-118.205451	33.755584
-118.205941	33.760565
-118.210342	33.750569
-118.224712	33.757483
-118.199208	33.754636
-118.206693	33.752585
-118.195616	33.752532
-118.190609	33.742363
-118.199004	33.754511
-118.190368	33.742315
-118.237264	33.758505
-118.213254	33.756635
-118.221221	33.756977
-118.217033	33.761359
