23738
23740
20312
20943
20309
20312
20312
23151
23151
20306
23157
23157
22421
20173
20291
20294
23158
23157
23357
23357
20267
20174
20297
20297
23357
23357
23340
20267
20268
20174
20174
20297
22153
22138
22141
23258
22531
22506
20181
17066
22153
22153
22138
22138
23258
23255
23267
22531
22531
22506
22506
16506
17066
17066
17062
22115
22115
23255
23255
22530
22530
22486
22482
22482
22511
17057
17066
17062
17060
21469
22115
22116
23226
23226
23229
23268
22486
22486
22482
22483
22508
16570
16563
17057
17057
17024
17060
17060
21469
21469
22121
22124
22124
23229
23273
23273
22492
22492
22489
22489
22483
23646
23646
16566
16567
18384
18609
17028
17024
17025
17025
17025
21470
21470
22121
22121
23206
23214
23214
23217
23806
23806
22492
22495
22495
22489
23647
23646
23646
18468
16566
16567
18409
18385
17028
17028
17025
17038
17038
21455
21455
22121
23206
23206
23214
23217
23217
24095
24095
23920
22495
23647
23647
18453
18453
18404
18409
18381
17028
17031
17031
17034
17038
21455
21455
21304
21315
21315
21766
21766
23217
24095
23920
23922
24110
24110
24191
23883
18441
18441
18435
18432
18432
18404
18404
18357
18358
18392
17093
17031
17034
20207
20207
21304
21315
21308
21308
21766
21763
22987
23920
23922
23922
24191
23883
18441
18441
18433
18433
18456
18403
18361
18361
18357
18358
18388
18388
17093
18643
20207
20207
21303
21303
21308
21308
21308
21763
21763
22987
22987
23901
24272
24272
24236
18444
18444
18438
18433
18456
18456
18403
18361
18361
18358
18366
22722
15054
18643
18643
21303
21301
21300
21306
21306
21748
21748
22984
22984
23901
23901
23907
24272
24236
24236
18444
18438
18438
18660
18660
18660
18364
18367
18366
18366
22345
12466
18643
20050
20047
20047
20065
21301
21300
21300
21306
21748
21752
22357
22357
22984
23907
23907
24272
24239
24239
22624
22620
22620
22621
18660
18663
18367
18366
22345
12457
12466
12466
12461
13340
20047
20047
20065
20065
21300
19168
19168
21752
22357
22360
22360
23909
23909
24307
24239
24239
22624
22624
22621
22621
18663
21987
21987
22101
22101
22079
13340
20062
20062
20469
19168
19170
19170
19141
22360
22360
23904
23909
24307
24307
22624
22603
22603
21948
21941
21987
22076
22076
19329
20062
19139
19141
19141
23904
24227
24050
22610
22603
21944
21941
21941
21983
21983
21983
22076
22055
19139
19122
19122
19127
24227
24050
22610
22610
22610
21944
21945
21938
21938
21938
21982
21982
22059
22055
12225
12166
19104
19127
19127
24049
24049
22640
22637
22606
22607
21945
21945
21939
21938
21965
21965
21982
22059
23395
19104
19104
18812
18812
18812
22640
22640
22637
22637
22606
22607
22607
21939
21939
21939
21965
22062
12182
17329
18811
18812
18817
18817
18817
22637
22635
22635
20028
20028
19992
19991
22062
22061
12182
17003
19105
18811
18805
18805
18808
18808
18845
20026
20028
19984
19992
22195
22195
22061
22691
23087
18804
20026
20026
19984
19967
19988
22191
22192
22188
19898
22191
22192
22192
22209
23061
20078
23065
19628
19621
20078
20078
23065
23040
19628
19617
17589
17591
22846
23040
17549
22846
18690
18690
17158
17158
21247
21247
19698
21243
20217
20217
23468
23468
