150
157
159
166
199
200
203
206
207
209
217
219
226
243
336
341
345
351
358
660
680
684
694
697
713
715
717
882
886
888
889
895
903
904
906
908
909
912
915
917
1171
1173
1175
1289
2337
2340
2345
2349
2505
2887
3537
3539
3541
3546
3548
3555
3600
3602
3604
3606
3628
4043
4045
4051
4198
4200
4683
4684
4691
4823
5356
5615
6347
6349
6351
6359
6462
6465
6504
6506
6515
6950
7020
8141
8148
8150
8151
8198
8200
8202
8208
8210
8226
8227
8286
9034
9035
9042
9043
9044
10228
10230
10262
10546
11070
11072
11092
11116
11118
11120
11320
11429
11559
11722
11723
11725
11737
11738
11740
11743
11745
11747
11755
11757
11760
11764
11766
11781
11782
11787
11799
11800
11802
11803
11804
11806
11807
11809
11812
11813
11814
11815
11817
11818
11821
11825
11826
11838
11841
11843
11847
11873
11874
11877
11878
11881
11884
11894
11895
11898
11901
11911
11912
11915
11917
11918
11930
11933
11935
11938
11947
11950
11969
11970
11971
11973
11976
11997
11999
12000
12001
12003
12004
12008
12009
12013
12020
12021
12023
12028
12038
12039
12043
12045
12050
12052
12055
12062
12075
12080
12082
12094
12096
12097
12105
12108
12109
12118
12133
12135
12136
12139
12142
12156
12157
12158
12159
12163
12164
12165
12166
12169
12170
12174
12175
12177
12180
12182
12185
12200
12201
12204
12215
12217
12218
12220
12222
12225
12233
12234
12236
12237
12238
12241
12243
12246
12247
12261
12264
12272
12275
12278
12290
12293
12294
12298
12299
12312
12315
12318
12330
12351
12354
12355
12359
12366
12367
12377
12378
12380
12381
12384
12387
12401
12403
12404
12435
12437
12439
12442
12452
12453
12455
12457
12458
12461
12464
12466
12470
12479
12480
12481
12482
12484
12485
12488
12491
12495
12512
12514
12515
12518
12526
12527
12530
12534
12540
12556
12559
12566
12567
12570
12573
12574
12578
12579
12583
12585
12616
12617
12619
12620
12622
12623
12624
12626
12627
12641
12642
12643
12644
12648
12649
12650
12651
12653
12654
12657
12660
12662
12665
12666
12670
12680
12682
12684
12691
12692
12694
12698
12701
12703
12712
12715
12718
12721
12723
12732
12733
12736
12757
12758
12760
12761
12764
12766
12772
12773
12778
12782
12800
12801
12802
12804
12807
12809
12811
12815
12820
12821
12822
12823
12826
12827
12828
12831
12832
12835
12838
12839
12843
12845
12851
12852
12853
12856
12858
12860
12864
12865
12866
12869
12881
12882
12884
12887
12890
12901
12902
12905
12908
12911
12914
12925
12928
12931
12934
12948
12951
12953
12962
12965
12968
12977
12978
12981
12982
12985
12988
12993
13006
13011
13012
13013
13016
13019
13022
13025
13028
13039
13041
13050
13051
13053
13056
13059
13060
13076
13078
13088
13089
13092
13093
13096
13097
13102
13104
13119
13120
13122
13123
13126
13127
13129
13131
13133
13137
13146
13147
13149
13153
13154
13158
13159
13162
13174
13175
13177
13180
13181
13185
13188
13197
13201
13203
13208
13209
13212
13221
13222
13225
13226
13227
13228
13229
13234
13242
13243
13245
13247
13250
13252
13257
13259
13260
13263
13264
13270
13281
13282
13284
13285
13287
13291
13303
13306
13318
13320
13322
13323
13325
13327
13330
13334
13337
13340
13352
13353
13357
13360
13363
13377
13378
13382
13386
13396
13399
13401
13402
13410
13413
13422
13424
13425
13426
13434
13435
13438
13440
13441
13442
13443
13446
13448
13451
13460
13461
13464
13478
13481
13482
13517
13518
13520
13523
13524
13529
13538
13544
13571
13584
13600
13614
13616
13618
13623
13624
13625
13629
13630
13633
13634
13635
13638
13639
13640
13641
13643
13644
13647
13648
13649
13654
13664
13673
13674
13677
13679
13680
13683
13688
13689
13692
13693
13705
13706
13708
13713
13728
13729
13732
13733
13735
13738
13755
13757
13758
13760
13772
13775
13778
13781
13790
13792
13794
13818
13820
13823
13836
13840
13893
13896
13898
13910
13913
13916
13928
13929
13932
13935
13937
13938
13949
13968
13969
13970
13973
13975
13979
13980
13983
13997
13998
14003
14006
14091
14093
14105
14106
14108
14111
14113
14116
14123
14124
14125
14128
14131
14135
14136
14138
14139
14153
14169
14170
14172
14174
14178
14180
14184
14187
14188
14190
14202
14203
14208
14245
14248
14249
14265
14268
14269
14274
14275
14278
14282
14295
14296
14299
14300
14301
14303
14306
14307
14316
14319
14321
14323
14324
14327
14330
14332
14335
14344
14346
14349
14352
14361
14365
14369
14382
14384
14385
14405
14419
14422
14424
14426
14427
14443
14445
14512
14517
14518
14527
14528
14531
14545
14546
14549
14552
14555
14567
14569
14570
14572
14573
14575
14581
14582
14584
14585
14586
14588
14591
14592
14595
14598
14599
14621
14630
14631
14634
14635
14639
14642
14651
14655
14657
14661
14674
14677
14680
14683
14694
14697
14721
14724
14739
14740
14743
14746
14748
14749
14766
14769
14770
14773
14774
14776
14779
14809
14811
14812
14866
14916
14917
14919
14922
14926
14929
14952
14953
14956
14961
14969
14972
14985
14986
14989
15011
15014
15015
15028
15029
15030
15031
15034
15036
15050
15051
15052
15054
15058
15059
15072
15075
15078
15129
15130
15133
15147
15150
15154
15171
15173
15174
15177
15179
15190
15192
15193
15196
15207
15209
15210
15212
15216
15218
15232
15234
15243
15255
15256
15259
15260
15268
15269
15272
15288
15321
15322
15325
15328
15330
15331
15342
15356
15357
15371
15373
15376
15379
15386
15401
15407
15408
15411
15412
15416
15419
15421
15431
15440
15444
15447
15450
15461
15478
15479
15480
15483
15485
15489
15490
15493
15496
15498
15500
15503
15506
15518
15519
15536
15555
15556
15559
15560
15584
15585
15588
15597
15598
15601
15602
15614
15615
15631
15633
15635
15636
15656
15658
15661
15670
15673
15680
15681
15686
15703
15704
15706
15707
15710
15712
15715
15716
15719
15723
15734
15735
15739
15740
15744
15753
15754
15755
15756
15757
15764
15766
15767
15771
15772
15774
15780
15796
15797
15800
15801
15804
15809
15810
15813
15814
15817
15819
15821
15823
15839
15841
15842
15847
15859
15861
15872
15873
15882
15883
15884
15887
15890
15907
15908
15911
15915
15927
15930
15932
15934
15944
15946
15947
15957
15959
15962
15965
15968
15984
15985
15987
15989
15993
15998
15999
16002
16003
16007
16023
16024
16028
16031
16032
16035
16036
16038
16049
16058
16059
16062
16066
16067
16069
16088
16089
16092
16093
16098
16099
16116
16118
16125
16128
16139
16158
16160
16161
16162
16163
16164
16165
16166
16167
16170
16171
16187
16189
16192
16195
16204
16205
16207
16210
16221
16222
16225
16230
16242
16267
16278
16280
16283
16295
16297
16300
16402
16403
16406
16408
16409
16411
16416
16428
16432
16441
16442
16445
16452
16467
16470
16482
16497
16500
16503
16506
16521
16522
16527
16538
16539
16543
16544
16549
16563
16566
16567
16570
16578
16579
16589
16590
16593
16596
16613
16630
16633
16642
16643
16644
16647
16650
16659
16660
16673
16674
16677
16679
16681
16684
16694
16696
16704
16707
16708
16716
16719
16725
16726
16743
16744
16746
16748
16751
16754
16761
16762
16764
16767
16771
16773
16788
16792
16807
16825
16835
16839
16842
16867
16876
16879
16891
16895
16897
16908
16909
16913
16928
16929
16931
16933
16947
16948
16950
16954
16965
16968
16975
16978
16992
16993
16995
16998
17001
17003
17005
17018
17019
17021
17022
17023
17024
17025
17028
17031
17034
17038
17057
17060
17062
17066
17074
17090
17093
17110
17111
17121
17125
17129
17138
17141
17144
17153
17156
17158
17161
17174
17177
17178
17189
17191
17193
17204
17209
17210
17214
17216
17237
17238
17241
17243
17246
17247
17261
17264
17267
17268
17279
17282
17297
17298
17300
17302
17303
17306
17309
17310
17315
17318
17329
17341
17342
17380
17391
17392
17396
17397
17406
17407
17409
17412
17424
17427
17431
17433
17448
17451
17453
17462
17464
17467
17479
17482
17485
17490
17491
17494
17528
17529
17531
17535
17538
17539
17549
17552
17554
17557
17567
17570
17573
17586
17589
17591
17601
17604
17605
17609
17610
17623
17636
17650
17651
17653
17654
17658
17661
17671
17673
17676
17677
17700
17714
17715
17726
17727
17735
17738
17740
17766
17797
17810
17812
17825
17826
17827
17828
17831
17833
17836
17838
17839
17844
17845
17848
17851
17866
17868
17877
17880
17883
17892
17893
17901
17903
17906
17908
17920
17929
17930
17933
17937
17938
17942
17953
17955
17957
17960
17970
17971
17976
17992
17995
18010
18011
18013
18025
18028
18037
18038
18052
18056
18060
18072
18075
18080
18081
18093
18101
18102
18106
18116
18117
18130
18140
18141
18144
18147
18148
18162
18175
18186
18189
18211
18212
18214
18224
18225
18229
18233
18246
18248
18260
18262
18264
18267
18282
18285
18286
18336
18345
18357
18358
18361
18364
18366
18367
18381
18384
18385
18388
18392
18403
18404
18409
18432
18433
18435
18438
18441
18444
18453
18456
18468
18478
18480
18481
18483
18485
18486
18488
18489
18497
18498
18501
18502
18504
18520
18521
18533
18536
18537
18541
18548
18553
18565
18575
18588
18589
18594
18609
18611
18625
18629
18643
18657
18659
18660
18663
18674
18690
18710
18729
18730
18733
18748
18751
18753
18755
18762
18765
18768
18780
18782
18785
18792
18794
18797
18804
18805
18808
18811
18812
18817
18833
18845
18856
18859
18875
18876
18890
18891
18893
18896
18897
18902
18923
18925
18928
18948
18951
18960
18963
18970
18973
18980
18981
18996
18997
19000
19003
19023
19044
19046
19053
19064
19066
19077
19078
19082
19104
19105
19107
19122
19127
19137
19139
19141
19148
19165
19168
19170
19180
19183
19195
19196
19198
19202
19204
19205
19207
19209
19212
19213
19215
19218
19222
19223
19226
19236
19257
19271
19272
19274
19305
19314
19317
19320
19329
19341
19343
19344
19346
19348
19369
19373
19375
19398
19400
19401
19402
19403
19417
19420
19429
19431
19434
19448
19452
19460
19464
19467
19491
19519
19531
19545
19557
19561
19579
19580
19606
19608
19617
19618
19621
19623
19626
19628
19641
19644
19646
19650
19666
19676
19692
19695
19698
19707
19710
19714
19729
19732
19735
19747
19776
19790
19792
19793
19798
19809
19810
19812
19831
19835
19836
19887
19898
19899
19901
19923
19935
19936
19953
19967
19968
19984
19988
19991
19992
20009
20026
20028
20037
20047
20050
20062
20065
20077
20078
20091
20106
20128
20143
20170
20173
20174
20177
20181
20193
20194
20207
20217
20220
20222
20234
20237
20239
20242
20251
20267
20268
20291
20294
20297
20306
20309
20312
20326
20327
20333
20342
20343
20347
20350
20359
20360
20365
20368
20370
20383
20384
20385
20388
20400
20401
20468
20469
20490
20496
20517
20518
20549
20556
20559
20562
20565
20586
20587
20613
20614
20661
20706
20718
20719
20723
20735
20737
20768
20786
20787
20794
20806
20842
20871
20874
20897
20900
20904
20907
20937
20938
20940
20943
20946
20947
20964
20972
20975
20988
21007
21011
21021
21025
21041
21044
21061
21097
21104
21107
21109
21122
21125
21126
21192
21204
21207
21208
21211
21212
21243
21244
21247
21270
21271
21274
21277
21280
21300
21301
21303
21304
21306
21308
21315
21343
21355
21365
21366
21369
21372
21375
21386
21401
21404
21417
21427
21455
21469
21470
21514
21515
21518
21540
21560
21628
21632
21639
21648
21656
21668
21670
21685
21688
21718
21721
21748
21752
21763
21766
21782
21783
21813
21850
21851
21854
21857
21860
21862
21883
21888
21900
21903
21921
21924
21925
21938
21939
21941
21944
21945
21948
21965
21968
21982
21983
21987
22006
22021
22029
22041
22043
22045
22055
22056
22059
22061
22062
22065
22076
22079
22081
22084
22087
22101
22115
22116
22121
22124
22138
22141
22144
22146
22153
22169
22172
22188
22191
22192
22195
22205
22208
22209
22226
22240
22243
22244
22288
22293
22300
22301
22304
22327
22345
22357
22360
22378
22418
22421
22445
22448
22450
22451
22464
22482
22483
22486
22489
22492
22495
22506
22508
22511
22513
22516
22519
22530
22531
22569
22583
22588
22600
22603
22606
22607
22610
22620
22621
22624
22635
22637
22640
22686
22687
22691
22693
22696
22704
22705
22708
22722
22731
22732
22737
22773
22789
22791
22826
22827
22830
22833
22836
22837
22846
22850
22871
22872
22875
22877
22889
22905
22922
22949
22950
22953
22984
22987
23014
23017
23028
23034
23035
23040
23044
23046
23060
23061
23064
23065
23085
23087
23096
23097
23130
23131
23134
23136
23137
23141
23151
23155
23157
23158
23180
23192
23206
23214
23217
23226
23229
23243
23255
23258
23267
23268
23273
23284
23285
23289
23306
23327
23328
23331
23340
23344
23354
23357
23395
23397
23415
23420
23421
23439
23441
23442
23457
23468
23471
23498
23501
23553
23576
23591
23594
23612
23646
23647
23701
23718
23738
23740
23806
23821
23833
23834
23883
23901
23904
23907
23909
23920
23922
23962
23999
24002
24003
24049
24050
24095
24110
24126
24158
24191
24226
24227
24236
24239
24272
24299
24307
24326
24692
24693
24695
24696
24698
24700
24706
24707
24709
24711
24717
24727
24735
24736
24739
24826
24827
24828
24829
24831
24832
24835
24837
24839
25111
25116
25183
25294
25295
25299
25302
25324
25325
25626
25629
25631
25633
25650
25652
25664
25667
25670
25676
25679
25807
25810
25811
25812
25815
25816
26177
26190
26200
26204
26291
26293
26295
26557
26561
26570
26580
26585
26594
26634
26635
26638
26698
26699
26701
26704
26715
26720
26836
26953
26955
26957
27204
27379
27411
27423
27425
27440
27449
27450
27452
27461
27525
27992
27997
64269
64272
68428
75628
75632
75640
83091
83106
83111
83689
83693
84869
85084
85558
